# using minimal fraction of valid points 30.00
# tas [K] from MPI-ESM-LR model output prepared for CMIP5 RCP2.6 r3i1p1
# cutting out region lon=    0.000  360.000, lat=  -90.000   90.000
 1861   284.5325       284.7118       285.6105       286.7475       287.6409       288.2624       288.4156       288.2930       287.5755       286.4583       285.3484       284.7134    
 1862   284.3754       284.6826       285.6136       286.6331       287.6331       288.2422       288.5637       288.4635       287.5398       286.4631       285.3705       284.6959    
 1863   284.3506       284.9930       285.6841       286.7631       287.6243       288.2865       288.6314       288.4070       287.7572       286.8469       285.6376       284.8167    
 1864   284.5277       285.0188       285.9662       286.8781       287.7521       288.3842       288.5205       288.4849       287.7455       286.5786       285.4074       284.8647    
 1865   284.8804       285.2738       285.9178       286.8167       287.7945       288.4303       288.5116       288.5047       287.6804       286.7076       285.5857       284.8022    
 1866   284.6426       284.9609       285.6847       286.7064       287.7133       288.2580       288.4934       288.4178       287.6771       286.6366       285.3915       284.6887    
 1867   284.5773       285.0724       285.8614       286.6962       287.7067       288.2916       288.6274       288.4763       287.7470       286.5994       285.4700       284.8453    
 1868   284.5880       285.0388       285.9723       286.8836       287.6608       288.2911       288.5362       288.3802       287.7324       286.5823       285.4768       284.8065    
 1869   284.6355       284.9541       285.7353       286.8089       287.6586       288.2918       288.4897       288.4220       287.8209       286.8564       285.6532       284.9957    
 1870   284.8238       285.1879       285.9682       286.8326       287.7101       288.3194       288.5270       288.3648       287.6681       286.5517       285.5923       284.8882    
 1871   284.4860       285.0318       285.9595       286.8829       287.6961       288.3055       288.5655       288.3389       287.6236       286.5356       285.3657       284.7483    
 1872   284.6125       284.8189       285.8454       286.7912       287.5536       288.2664       288.4572       288.2319       287.5421       286.4168       285.3077       284.7496    
 1873   284.4568       284.8512       285.6115       286.7386       287.4904       288.1659       288.5142       288.2450       287.6000       286.3970       285.4706       284.6172    
 1874   284.4635       284.9821       285.4975       286.7671       287.6024       288.4186       288.6015       288.4041       287.8509       286.8137       285.6679       284.9991    
 1875   284.8494       285.2678       286.1452       287.1184       288.1504       288.6513       288.8391       288.5900       287.8480       286.8377       285.7368       284.9467    
 1876   284.6700       285.0655       285.9123       286.9208       287.8806       288.3954       288.6743       288.3330       287.7465       286.5661       285.4086       284.6050    
 1877   284.4719       284.8961       285.6241       286.6706       287.5856       288.2305       288.4917       288.3943       287.6801       286.4183       285.4763       284.6034    
 1878   284.4615       284.9566       285.8589       286.8595       287.6264       288.3925       288.5582       288.2202       287.6205       286.5117       285.4956       284.7423    
 1879   284.5637       284.9695       285.5958       286.7014       287.4790       288.2710       288.4878       288.3817       287.5827       286.4512       285.3561       284.7575    
 1880   284.7012       284.9228       285.8799       286.9351       287.7331       288.4635       288.6469       288.4798       287.7728       286.6179       285.2843       284.6912    
 1881   284.6094       284.9488       285.9288       286.9700       287.9215       288.5190       288.7400       288.5220       287.7936       286.7456       285.6501       284.9677    
 1882   284.6323       285.0254       286.0381       286.8773       287.9124       288.4527       288.6166       288.4246       287.7771       286.5410       285.5752       285.0826    
 1883   284.6205       284.9918       285.7524       286.6654       287.5409       288.2047       288.3309       288.1356       287.4796       286.3777       285.2310       284.6493    
 1884   284.3718       284.6744       285.5250       286.3325       287.2139       287.8838       288.1169       287.8656       287.1689       285.8995       284.6616       284.1361    
 1885   283.9169       284.3772       285.1148       286.3181       287.2393       287.8368       288.0821       287.9449       287.2879       286.1878       285.0472       284.1402    
 1886   284.1882       284.7608       285.5182       286.5149       287.4094       288.1115       288.3466       288.1004       287.4343       286.2726       285.0870       284.5399    
 1887   284.1378       284.4836       285.3575       286.3864       287.4352       288.0840       288.2248       288.1064       287.3875       286.2946       285.2051       284.5749    
 1888   284.3435       284.7575       285.6338       286.5972       287.4797       288.0449       288.3051       288.1161       287.4048       286.3099       285.0801       284.2434    
 1889   284.3896       284.7036       285.5542       286.6477       287.4250       288.0626       288.2328       288.1455       287.3732       286.3068       285.1647       284.4465    
 1890   284.3254       284.7411       285.5634       286.4042       287.3605       288.0775       288.3265       288.3187       287.6886       286.6449       285.5760       284.8477    
 1891   284.6741       284.9917       285.8497       286.8184       287.7206       288.4985       288.6835       288.3442       287.6215       286.6842       285.5405       284.6092    
 1892   284.5330       284.9708       285.8075       286.7442       287.6074       288.1603       288.4998       288.3128       287.4344       286.3171       285.1456       284.6526    
 1893   284.2984       284.7141       285.7746       286.8112       287.6494       288.1559       288.4610       288.3430       287.6244       286.6183       285.4648       284.7723    
 1894   284.6497       285.1151       285.9609       286.8625       287.7145       288.4399       288.6383       288.5168       287.8739       286.7554       285.6452       285.0400    
 1895   284.6599       285.1145       285.7811       286.8150       287.6767       288.4858       288.8062       288.5753       287.8130       286.8266       285.6160       284.7290    
 1896   284.5589       284.9536       285.8607       286.8513       287.7651       288.2391       288.5549       288.3141       287.5832       286.3719       285.3278       284.5793    
 1897   284.3593       284.7379       285.5017       286.5849       287.6544       288.1402       288.3774       288.1671       287.4480       286.3755       285.3661       284.5120    
 1898   284.3333       285.0905       286.0133       286.8737       287.6182       288.3214       288.6564       288.5188       287.7960       286.7632       285.6848       284.7999    
 1899   284.6479       285.2099       286.0915       287.0972       287.7690       288.5258       288.8093       288.5066       287.8656       286.8569       285.5515       284.9617    
 1900   284.7765       285.3818       285.9215       286.8905       287.8637       288.5861       288.6876       288.4309       287.7327       286.7010       285.4641       284.7074    
 1901   284.6535       285.0779       285.8167       286.7703       287.6160       288.2935       288.6127       288.4557       287.7718       286.7866       285.4301       284.8441    
 1902   284.8129       285.1284       285.8865       286.7435       287.6687       288.4095       288.6037       288.4354       287.8700       286.7100       285.6014       284.7991    
 1903   284.5561       285.0170       285.6728       286.7505       287.6490       288.3528       288.6692       288.3402       287.7095       286.6000       285.5836       284.6525    
 1904   284.2511       284.8669       285.6168       286.7620       287.6733       288.2738       288.5403       288.2204       287.6409       286.5734       285.5921       284.6699    
 1905   284.5141       284.9186       285.6630       286.9282       287.7090       288.2855       288.5354       288.4299       287.5179       286.3845       285.4017       284.5163    
 1906   284.3982       284.8269       285.4089       286.5667       287.5172       288.2294       288.4194       288.2162       287.5852       286.5785       285.4672       284.7977    
 1907   284.4777       284.7597       285.8152       286.5750       287.5015       288.0618       288.3149       288.2384       287.5948       286.6364       285.3754       284.7737    
 1908   284.6505       285.0053       285.8451       286.8579       287.8598       288.3757       288.6520       288.3717       287.7286       286.6342       285.5424       284.7344    
 1909   284.5205       284.8070       285.6939       286.7814       287.7552       288.4500       288.6713       288.5036       287.8229       286.7983       285.6917       284.8083    
 1910   284.6651       284.9950       285.8234       286.6758       287.6319       288.2860       288.4809       288.2832       287.6326       286.5799       285.2825       284.6340    
 1911   284.5707       285.0900       285.7212       286.6854       287.5857       288.2426       288.5879       288.4592       287.7434       286.6560       285.6024       284.8683    
 1912   284.8597       285.2283       285.9395       286.9678       287.8487       288.4632       288.6042       288.2866       287.4506       286.4674       285.4410       284.8304    
 1913   284.6187       285.0633       285.8321       286.8704       287.6759       288.2403       288.4365       288.2753       287.5352       286.3813       285.2435       284.5468    
 1914   284.2608       284.6637       285.5865       286.5035       287.5112       288.2023       288.4051       288.3350       287.6172       286.6104       285.4709       284.6653    
 1915   284.3271       284.7008       285.7126       286.7561       287.6305       288.2138       288.5204       288.4388       287.7063       286.6724       285.5394       284.9464    
 1916   284.4966       284.6627       285.7229       286.6397       287.5196       288.1907       288.3679       288.1072       287.2581       286.2395       285.3548       284.8120    
 1917   284.3663       284.7846       285.6640       286.5645       287.5118       288.3182       288.4483       288.2890       287.5908       286.5162       285.6473       284.8365    
 1918   284.5460       285.0830       285.8713       286.8965       287.9274       288.5206       288.6570       288.5496       287.9835       286.8945       285.7622       285.0350    
 1919   284.6737       285.0088       285.9766       286.9507       288.0558       288.7188       288.8848       288.6407       287.9316       286.9436       285.8262       285.0780    
 1920   284.9980       285.4695       286.1143       287.1510       287.8961       288.5742       288.8747       288.5690       287.9536       286.9407       285.8064       285.0264    
 1921   284.9119       285.1389       285.9527       286.9683       288.0044       288.3686       288.6538       288.5570       287.8161       286.8311       285.5573       284.8712    
 1922   284.6273       284.9641       285.6756       286.6964       287.6422       288.1452       288.4980       288.2808       287.5461       286.4631       285.3612       284.5996    
 1923   284.4415       284.6157       285.7764       286.6250       287.5809       288.2017       288.6139       288.4810       287.8546       286.7200       285.6796       284.8989    
 1924   284.6635       285.1394       286.0612       286.9730       287.9052       288.4752       288.6654       288.5171       287.6804       286.6673       285.6826       284.8445    
 1925   284.7524       284.9485       285.6404       286.9108       287.7712       288.4467       288.6550       288.3957       287.7631       286.5785       285.4102       284.6446    
 1926   284.5737       285.0532       285.7859       286.7444       287.7991       288.4650       288.6060       288.4547       287.5638       286.6183       285.4807       284.7312    
 1927   284.5104       284.9890       285.9937       286.9160       287.8041       288.4617       288.5793       288.4428       287.7228       286.6288       285.5004       284.7895    
 1928   284.4190       284.9060       285.8009       286.5886       287.5984       288.3989       288.5449       288.4527       287.7755       286.5263       285.5010       284.9892    
 1929   284.6976       285.1272       285.8545       286.8236       287.7531       288.3902       288.6533       288.3762       287.6416       286.6205       285.3858       284.8042    
 1930   284.5164       284.9414       285.7185       286.8710       287.9041       288.5381       288.6864       288.5298       287.9940       286.8493       285.7369       285.0936    
 1931   284.9114       285.1992       286.0450       287.0889       287.8871       288.5367       288.7448       288.5498       287.9891       286.9437       285.7517       285.0771    
 1932   284.9980       285.2670       286.1479       286.9585       287.8286       288.4972       288.6857       288.5316       287.7998       286.7556       285.6436       285.0278    
 1933   284.6275       285.0131       285.7445       286.8637       287.7280       288.3225       288.4971       288.4125       287.7998       286.8040       285.5647       284.7077    
 1934   284.6421       285.0007       285.8550       286.9409       287.7246       288.2167       288.4879       288.2691       287.6117       286.5100       285.5344       284.8022    
 1935   284.5518       284.9457       285.7307       286.7303       287.6454       288.2783       288.5586       288.5462       287.8609       286.8686       285.6835       284.9573    
 1936   284.8712       285.2691       286.2338       287.1888       287.9659       288.5184       288.8906       288.7225       288.0546       286.9795       286.0023       285.3094    
 1937   285.0216       285.3391       286.2131       287.2270       288.2196       288.8250       288.9919       288.8278       288.2186       287.0749       285.8681       285.1391    
 1938   285.1139       285.5168       286.3671       287.3093       288.0884       288.6541       288.8832       288.6081       287.9349       286.9671       285.8633       285.0254    
 1939   284.7271       285.1650       285.9521       287.2720       288.1177       288.6481       288.8723       288.6161       287.9684       287.0040       285.7895       284.9648    
 1940   284.7501       285.3458       285.9104       286.8985       287.7877       288.4685       288.6499       288.5301       287.9115       286.8783       285.7654       284.8972    
 1941   284.8413       285.0281       285.8709       287.0891       287.9722       288.5306       288.7892       288.5735       287.9324       286.9380       285.7502       284.9706    
 1942   284.7905       285.1643       286.0295       286.7814       287.7737       288.3094       288.5852       288.4123       287.7161       286.7311       285.5792       284.8565    
 1943   284.8224       285.1655       285.8316       286.7332       287.7287       288.4564       288.6251       288.4661       287.7520       286.8642       285.6835       284.7331    
 1944   284.4655       285.1078       285.6370       286.7025       287.7167       288.3699       288.6964       288.5036       287.9581       286.9828       285.6391       284.9380    
 1945   284.7223       285.3930       286.1437       286.9506       287.9933       288.5255       288.8874       288.6427       287.8853       286.9622       285.8504       284.9776    
 1946   284.8146       285.4980       286.2996       287.1832       288.0145       288.5504       288.7296       288.5279       287.9042       286.9786       285.8845       284.9404    
 1947   284.8528       285.3105       286.1704       287.1027       287.9456       288.6647       288.9927       288.7220       288.1369       287.1877       286.0896       285.2744    
 1948   285.0990       285.5885       286.2584       287.2593       288.1049       288.7769       288.9030       288.7172       288.0621       287.1314       285.9004       284.9131    
 1949   284.8274       285.1247       285.9154       286.8899       287.7072       288.3765       288.5143       288.3567       287.7819       286.6451       285.5303       284.9022    
 1950   284.5864       285.2179       285.8284       286.8246       287.8003       288.4596       288.5980       288.5198       287.7789       286.7621       285.6075       284.9443    
 1951   284.8368       285.0861       285.7866       286.9423       287.6908       288.3742       288.5983       288.4072       287.8882       286.7018       285.5240       284.6894    
 1952   284.2661       284.7982       285.9353       286.9447       287.8002       288.3615       288.6252       288.3718       287.7219       286.8486       285.6046       284.9690    
 1953   284.6230       285.1037       285.8747       287.0198       287.8123       288.4264       288.6167       288.4543       287.8085       286.6685       285.6435       285.0033    
 1954   284.6958       285.1670       285.9265       286.8864       287.7697       288.4647       288.7450       288.5257       287.9002       286.7912       285.4590       284.7998    
 1955   284.8060       285.1507       285.9738       286.8125       287.7923       288.5003       288.6321       288.4572       287.9214       286.7583       285.7077       284.9356    
 1956   284.7303       285.0858       285.7305       286.7870       287.7676       288.3689       288.6446       288.5246       287.7242       286.6936       285.5909       284.8104    
 1957   284.5841       285.0920       286.1146       286.9467       287.9314       288.6490       288.8429       288.7221       288.0508       287.0516       286.0266       285.2733    
 1958   285.1204       285.1954       286.0200       287.0251       287.9836       288.5178       288.7593       288.5764       287.9004       286.7897       285.6153       284.9736    
 1959   284.8248       285.0857       285.9290       286.9590       287.7290       288.4961       288.6799       288.5751       287.9886       286.8419       285.6916       284.9171    
 1960   284.6877       285.1710       286.1622       287.2036       288.0605       288.7241       288.9401       288.7621       288.0109       287.0060       285.8738       284.9926    
 1961   284.9045       285.3696       286.3170       287.1264       287.9813       288.6411       288.7962       288.5892       288.0014       286.7616       285.7454       284.9755    
 1962   284.8353       285.1596       285.8659       286.9739       287.8839       288.4638       288.7373       288.5085       287.8727       286.8393       285.7976       284.9680    
 1963   284.6736       284.9028       286.0265       286.9907       287.9520       288.4465       288.7299       288.4346       287.7557       286.7697       285.7903       285.0345    
 1964   284.7266       285.1093       285.9895       287.0021       287.8430       288.3710       288.4837       288.3514       287.5930       286.5601       285.3276       284.7519    
 1965   284.4951       284.8082       285.6754       286.8213       287.7496       288.3888       288.6234       288.3416       287.7448       286.6322       285.5970       284.8206    
 1966   284.6822       285.0450       285.9059       287.0912       287.8991       288.6080       288.7158       288.5986       287.9554       286.8846       285.7461       285.1752    
 1967   284.8351       285.3714       286.2719       287.1048       287.9931       288.5495       288.7520       288.5861       287.9554       286.9607       285.7397       285.0881    
 1968   284.9060       285.2410       286.1003       287.0405       287.9755       288.5662       288.8318       288.6493       288.0594       286.9270       285.7762       284.9126    
 1969   284.9719       285.3767       285.9946       287.0754       287.9946       288.6379       288.6652       288.6403       288.0671       287.0902       286.0232       285.0349    
 1970   285.0980       285.4689       286.3367       287.3218       288.2073       288.6713       288.7798       288.5186       288.0089       286.9298       285.8083       285.0112    
 1971   284.9449       285.0768       285.8288       286.8700       287.8161       288.5293       288.6264       288.4996       287.8629       286.9795       285.8486       284.9593    
 1972   284.7951       285.3246       286.1583       287.1507       287.9700       288.5519       288.7973       288.6875       288.0506       286.9432       285.8612       285.1173    
 1973   284.9542       285.1839       286.0334       286.9947       287.9445       288.5825       288.9419       288.8012       288.0697       287.2061       286.0253       285.1855    
 1974   284.9699       285.5977       286.1382       287.2719       288.1714       288.8939       289.0843       288.8935       288.2851       287.2521       286.1450       285.3021    
 1975   285.2130       285.5822       286.4800       287.3861       288.1642       288.7554       288.9501       288.9068       288.2379       287.1299       285.9980       285.3176    
 1976   285.0434       285.4798       286.1736       287.1853       288.2498       288.7943       288.8836       288.7126       288.1977       287.1146       286.0753       285.3142    
 1977   285.3066       285.5677       286.3422       287.1792       288.2190       288.7680       289.0696       288.8786       288.2319       287.2174       286.1024       285.3031    
 1978   285.2440       285.5016       286.1464       287.3137       287.9855       288.6653       288.9268       288.7839       288.2198       287.2533       286.1475       285.2630    
 1979   285.2712       285.5960       286.3890       287.4243       288.2190       288.8244       288.9830       288.9243       288.2697       287.1801       286.0076       285.2436    
 1980   285.2165       285.5192       286.2858       287.4528       288.3584       289.0258       289.2038       288.9534       288.3355       287.2266       285.9908       285.1320    
 1981   285.0051       285.5814       286.3265       287.5178       288.3509       288.8527       289.1360       289.0813       288.4782       287.3536       286.3302       285.4680    
 1982   285.3260       285.6996       286.4306       287.3697       288.3310       288.8673       289.1211       289.0290       288.3605       287.4406       286.3302       285.3784    
 1983   285.0350       285.5338       286.4687       287.2860       288.1754       288.7176       288.9752       288.7653       288.1478       286.9134       285.8300       285.1648    
 1984   285.0577       285.2137       286.1323       287.2496       288.0338       288.6909       288.8232       288.7464       287.9910       286.9847       285.6522       284.8901    
 1985   284.7111       285.2107       286.1944       287.0653       287.9031       288.4870       288.7520       288.4914       287.9045       286.9076       285.7757       284.9692    
 1986   284.8489       285.2933       286.2269       287.2430       288.0718       288.5940       288.8584       288.6961       288.1471       287.1648       285.9963       285.2144    
 1987   285.2008       285.4120       286.2330       287.2859       288.1326       288.7596       289.0136       288.9202       288.2746       287.1156       286.1097       285.1210    
 1988   285.0082       285.3746       286.2169       287.2829       288.1695       288.7066       288.9044       288.7800       288.0831       287.1579       286.1638       285.1942    
 1989   285.2497       285.7600       286.4949       287.5266       288.4552       289.0733       289.3438       289.1950       288.5152       287.6511       286.5194       285.9701    
 1990   285.6870       285.9003       286.7274       287.8127       288.7716       289.3351       289.5374       289.2395       288.6193       287.5916       286.5802       285.6412    
 1991   285.3957       285.8177       286.3677       287.5353       288.4355       288.8696       289.1723       288.9987       288.3334       287.3542       286.2016       285.4790    
 1992   285.1557       285.5714       286.3914       287.3439       288.2991       288.8561       288.9113       288.7588       288.0930       287.0850       285.8749       285.2028    
 1993   285.1023       285.4453       286.3752       287.3642       288.3143       288.6963       288.9675       288.8417       288.1391       287.1894       286.0133       285.1971    
 1994   285.0915       285.3817       286.2002       287.3233       288.0446       288.7299       288.9589       288.8845       288.2084       287.2214       286.1667       285.5654    
 1995   285.3057       285.6602       286.4190       287.3941       288.3361       288.9090       289.2340       289.1411       288.5515       287.6222       286.5801       285.8854    
 1996   285.6023       285.9829       286.8943       287.8196       288.6371       289.1977       289.3116       289.1326       288.4349       287.4147       286.3423       285.4069    
 1997   285.2531       285.7064       286.4186       287.4060       288.3837       288.8976       289.1613       288.9090       288.3671       287.3144       286.4644       285.5671    
 1998   285.2165       285.6103       286.4652       287.4971       288.2656       288.8858       289.1656       288.9934       288.3565       287.3027       286.0600       285.4181    
 1999   285.3709       285.7042       286.5511       287.6099       288.4260       289.0371       289.2867       289.0462       288.4617       287.4889       286.3738       285.7583    
 2000   285.4096       286.1291       286.8702       287.8681       288.6716       289.2995       289.5879       289.3684       288.6656       287.6371       286.4721       285.8380    
 2001   285.7750       286.0803       286.7800       287.8076       288.5373       289.0817       289.3315       289.1574       288.5248       287.6014       286.4044       285.7619    
 2002   285.5778       285.9997       286.6230       287.8231       288.6342       289.1733       289.3416       289.2088       288.6214       287.5615       286.4104       285.9048    
 2003   285.6809       285.9032       286.5904       287.8313       288.6616       289.3944       289.5950       289.4502       288.8141       287.8830       286.8622       286.0285    
 2004   285.7764       286.2498       286.8892       287.9965       288.9344       289.3947       289.5274       289.3687       288.7196       287.8558       286.5920       285.8306    
 2005   285.6557       285.9693       286.8440       287.7800       288.7479       289.2600       289.5023       289.3131       288.7804       287.7026       286.5036       285.9144    
 2006   285.6838       286.0279       286.9181       287.8070       288.5513       289.2388       289.3971       289.3508       288.6783       287.5288       286.5658       285.7443    
 2007   285.5705       286.0733       286.7053       287.7701       288.6035       289.2480       289.4729       289.3468       288.7958       287.8663       286.5485       285.7770    
 2008   285.6176       285.8685       286.8557       287.8009       288.6661       289.2946       289.5428       289.3845       288.7478       287.6960       286.6304       285.9164    
 2009   285.5576       285.8357       286.6135       287.9222       288.6579       289.1345       289.4719       289.3147       288.6803       287.7682       286.7650       286.1004    
 2010   286.0162       286.3607       286.9333       287.8282       288.7864       289.3449       289.5820       289.4691       288.8163       287.8845       286.8127       286.1216    
 2011   285.9027       286.2823       287.0055       288.0586       288.9821       289.5581       289.7459       289.6531       289.1026       287.9752       286.9361       286.0910    
 2012   286.2470       286.6314       287.4621       288.3451       289.2451       289.7898       290.0618       289.7773       289.1381       288.2082       287.1957       286.3651    
 2013   285.8825       286.2621       287.2089       288.2104       289.0981       289.7713       289.9525       289.6437       289.0077       288.0296       287.0221       286.2986    
 2014   286.0559       286.4901       287.1044       288.0278       288.9710       289.4660       289.6009       289.3552       288.8377       287.7513       286.6149       286.1045    
 2015   285.6312       286.1071       286.8806       287.9871       288.7446       289.3124       289.4916       289.5299       288.8270       287.8961       286.8186       286.0348    
 2016   285.7191       285.9858       287.1177       287.9151       288.7101       289.3891       289.6226       289.4868       288.8627       287.9406       286.9421       286.0453    
 2017   285.6226       286.2585       286.9446       288.0200       288.8654       289.3320       289.5753       289.5563       288.9411       287.8100       286.7108       286.1644    
 2018   285.8567       286.2812       287.1738       288.0721       288.9111       289.5023       289.7500       289.6281       289.0799       288.1563       287.1552       286.5978    
 2019   286.4851       286.7374       287.3203       288.6961       289.4669       290.0843       290.1857       290.0114       289.2579       288.2307       287.1498       286.1425    
 2020   285.9388       286.2074       287.1785       288.0641       288.9748       289.5193       289.7707       289.5886       288.9608       287.9477       286.9651       285.9845    
 2021   285.7191       285.9029       286.9113       288.1424       288.9144       289.5128       289.6436       289.5175       288.8914       287.8340       286.7100       286.1165    
 2022   285.9894       286.3137       287.1302       288.1709       289.0530       289.6405       289.8371       289.7117       289.0743       287.9981       287.0328       286.2990    
 2023   286.0572       286.4760       287.2201       288.1207       289.0169       289.6954       289.9950       289.8058       289.1187       288.2023       287.1221       286.6136    
 2024   286.0884       286.5765       287.5467       288.5645       289.2394       289.7915       290.0223       289.8753       289.2980       288.3120       287.2083       286.3611    
 2025   286.2924       286.5217       287.2862       288.2942       289.0706       289.5533       289.9668       289.6979       288.9965       287.9948       287.0795       286.2519    
 2026   286.1313       286.5822       287.3794       288.3651       289.2620       289.8264       290.0397       289.8184       289.1861       288.2370       287.1843       286.7322    
 2027   286.4525       286.7216       287.4012       288.3903       289.2638       289.9187       290.0350       289.9426       289.2772       288.3520       287.3779       286.3629    
 2028   286.2397       286.7626       287.5749       288.5163       289.4282       290.0149       290.3109       290.0966       289.4685       288.3956       287.5674       286.6897    
 2029   286.8385       286.9837       287.7664       288.8266       289.5370       290.2346       290.3528       289.9686       289.3401       288.4784       287.2598       286.5835    
 2030   286.4105       286.8263       287.3642       288.3540       289.2147       289.7856       289.9683       289.6945       289.1097       288.3104       287.1708       286.4240    
 2031   286.2721       286.4400       287.3459       288.3078       289.1002       289.5833       289.8823       289.8067       289.0486       288.2469       287.3215       286.6499    
 2032   286.4156       286.5606       287.2579       288.2454       289.0952       289.5731       289.8605       289.6645       289.0082       288.0041       287.0278       286.2313    
 2033   286.0758       286.5341       287.3239       288.3013       289.0842       289.6524       289.8815       289.6966       289.1057       288.0818       287.0824       286.4346    
 2034   286.1907       286.3165       287.2268       288.2445       288.9331       289.4596       289.7964       289.6341       288.9906       288.1297       286.9734       286.2080    
 2035   285.9070       286.5093       287.3225       288.1280       288.9874       289.5683       289.9738       289.7288       289.0738       288.1793       287.1060       286.5000    
 2036   286.2255       286.6808       287.4489       288.2628       289.1678       289.7927       290.0635       289.8252       289.2299       288.1628       287.2492       286.5728    
 2037   286.2025       286.6774       287.2965       288.3567       289.3612       289.8913       290.1256       289.9535       289.2989       288.4121       287.4248       286.6338    
 2038   286.2346       286.7247       287.6078       288.4733       289.3190       289.9145       290.0497       289.9137       289.3094       288.3860       287.3658       286.6019    
 2039   286.3585       286.7950       287.6604       288.4055       289.3794       289.8043       290.1321       290.0841       289.3292       288.4454       287.2728       286.6868    
 2040   286.4489       286.7971       287.7596       288.4897       289.5319       289.9908       290.2854       289.9825       289.4109       288.5883       287.4019       286.7119    
 2041   286.3799       286.7752       287.5465       288.5956       289.3280       289.8213       290.1175       289.8559       289.2982       288.3922       287.2297       286.6589    
 2042   286.6571       286.7125       287.4846       288.5750       289.4059       290.0258       290.2937       290.1021       289.3712       288.4196       287.3119       286.4958    
 2043   286.3610       286.6059       287.3273       288.4166       289.1550       289.6996       289.8974       289.7431       289.1490       288.0887       286.9526       286.2930    
 2044   285.9704       286.3615       287.1158       288.2189       289.1092       289.7085       289.9619       289.9074       289.2882       288.2509       287.1802       286.6284    
 2045   286.4306       286.8171       287.6981       288.5809       289.2680       289.9188       290.2265       290.0640       289.3837       288.5324       287.5441       286.7822    
 2046   286.5376       286.7721       287.6331       288.7895       289.4935       289.9615       290.2213       290.0236       289.3595       288.4014       287.3139       286.7608    
 2047   286.5249       286.7949       287.7328       288.5370       289.4378       289.9564       290.2081       290.0724       289.5646       288.6401       287.5151       286.7723    
 2048   286.3569       286.7881       287.7946       288.8228       289.5092       290.0437       290.2929       290.0045       289.3608       288.2726       287.2816       286.4781    
 2049   286.3676       286.7413       287.5743       288.5863       289.3967       290.0445       290.2738       290.0889       289.4066       288.4909       287.3304       286.6698    
 2050   286.4467       286.5919       287.6174       288.5691       289.4391       290.0405       290.1055       289.9260       289.2256       288.3895       287.2972       286.6459    
 2051   286.4144       286.7321       287.5164       288.5212       289.3927       289.9183       290.1766       290.1207       289.4823       288.5237       287.3745       286.9362    
 2052   286.6187       287.0840       287.7262       288.6651       289.5671       289.9711       290.2247       290.0733       289.4540       288.6195       287.5682       286.7943    
 2053   286.4082       287.1471       287.7271       288.7968       289.6490       290.2103       290.4571       290.2034       289.5459       288.5794       287.5650       286.7531    
 2054   286.7220       286.9597       287.7159       288.8000       289.5120       290.0074       290.1726       290.0345       289.4196       288.4618       287.5039       286.6961    
 2055   286.4515       286.6935       287.5782       288.6424       289.3985       289.9592       290.2566       289.9757       289.3214       288.3085       287.3282       286.6749    
 2056   286.4772       286.7169       287.6091       288.4160       289.3589       289.8680       290.1363       289.9929       289.4360       288.4399       287.3507       286.3921    
 2057   286.3159       286.6631       287.5437       288.6113       289.3494       289.8533       289.9928       290.0198       289.2522       288.4008       287.4312       286.7573    
 2058   286.5208       286.7876       287.6675       288.5717       289.3725       289.8380       290.1185       289.8665       289.1310       288.1747       287.1571       286.5764    
 2059   286.3449       286.3717       287.4170       288.3913       289.2579       289.8021       290.0273       289.7743       289.1328       288.3645       287.2747       286.3620    
 2060   286.3123       286.6798       287.5022       288.3532       289.3095       289.9087       290.1330       290.0107       289.3740       288.5560       287.3915       286.6109    
 2061   286.5462       286.8396       287.5566       288.6651       289.3204       289.8552       290.0627       289.8958       289.2438       288.1263       286.9970       286.3258    
 2062   286.0796       286.4110       287.1975       288.3801       289.0764       289.7546       289.9390       289.7225       289.1579       288.0848       287.0433       286.1911    
 2063   286.0236       286.4265       287.2735       288.3868       289.1911       289.8131       289.9981       289.8845       289.1884       288.1449       287.0518       286.5018    
 2064   285.9360       286.4500       287.4812       288.3763       289.3055       289.9141       290.1381       289.9423       289.4234       288.3654       287.3632       286.7453    
 2065   286.7932       286.8961       287.7690       288.6228       289.5372       289.9248       290.1606       289.7933       289.3311       288.4344       287.1575       286.4835    
 2066   286.4632       286.5961       287.3457       288.7077       289.4405       290.0067       290.2657       290.0064       289.5186       288.6029       287.5866       286.8210    
 2067   286.6913       287.0027       287.8008       288.9258       289.5882       290.3206       290.3849       290.1060       289.5200       288.5298       287.3750       286.4846    
 2068   286.1140       286.6073       287.6352       288.5304       289.3474       289.8413       289.9410       289.7648       289.3384       288.3294       287.1502       286.5831    
 2069   286.1013       286.4129       287.3436       288.3379       289.0195       289.6005       289.8204       289.7124       289.2274       288.0726       287.0748       286.2453    
 2070   286.1222       286.4402       287.2770       288.3369       289.2245       289.6964       290.1202       290.0135       289.3129       288.1822       287.2477       286.3938    
 2071   286.3850       286.7547       287.4370       288.4976       289.3802       289.8697       290.0995       289.9741       289.3458       288.3600       287.1435       286.4004    
 2072   286.3212       286.4841       287.5687       288.3753       289.1743       289.7173       289.9816       289.7426       289.0255       288.0240       286.9161       286.2097    
 2073   286.0820       286.5534       287.3746       288.3508       289.1956       289.8260       290.0484       289.8706       289.1944       288.2567       287.3336       286.3175    
 2074   286.4460       286.7169       287.4605       288.5481       289.3439       289.9693       290.2980       290.0568       289.2256       288.4356       287.3482       286.6075    
 2075   286.5180       286.4844       287.3122       288.2414       289.2836       289.8081       290.0076       289.7726       289.2094       288.3022       287.2803       286.4344    
 2076   286.1839       286.6840       287.5819       288.6183       289.3613       289.8362       290.0172       289.8872       289.2126       288.3583       287.3725       286.5726    
 2077   286.4171       286.7478       287.6097       288.6273       289.3703       289.9662       290.0947       289.8987       289.2300       288.4842       287.4588       286.7728    
 2078   286.7046       287.0014       287.7918       288.6539       289.5305       290.1571       290.4390       290.2545       289.7043       288.7894       287.7426       287.0910    
 2079   287.0225       287.2545       288.0381       288.8863       289.7250       290.3448       290.4096       290.1880       289.5481       288.4588       287.2920       286.6057    
 2080   286.3694       286.8871       287.5253       288.4005       289.2871       289.8952       290.0355       289.7318       289.0772       288.1456       287.0437       286.2028    
 2081   285.9867       286.3919       287.1985       288.2244       288.9419       289.4540       289.7410       289.6480       288.9680       287.9862       286.9524       286.3017    
 2082   286.0930       286.5977       287.1735       288.2643       289.1006       289.7033       289.7907       289.7532       289.1161       288.0855       287.0229       286.3537    
 2083   286.2455       286.5523       287.2412       288.2212       289.2381       289.6820       289.9597       289.8151       289.2466       288.1899       287.0141       286.3486    
 2084   286.1770       286.5738       287.5789       288.2485       289.1707       289.6712       289.9346       289.7209       289.1146       288.1987       287.1406       286.4729    
 2085   286.4344       286.8420       287.7743       288.6552       289.3746       290.0093       290.1541       289.9762       289.2975       288.3938       287.4637       286.8615    
 2086   286.5147       286.9758       287.6336       288.7366       289.4565       289.9123       290.2331       289.9627       289.3620       288.2989       287.3400       286.4783    
 2087   286.4752       286.9059       287.5079       288.5315       289.2003       289.8411       289.9287       289.7674       289.2155       288.2698       287.2890       286.4235    
 2088   286.1832       286.4779       287.4272       288.5164       289.3196       289.8690       289.9682       289.7936       289.1323       288.2242       287.0494       286.2799    
 2089   286.2314       286.6714       287.4956       288.3250       289.0982       289.6163       289.8547       289.6800       289.0379       287.9994       286.9149       286.4174    
 2090   286.1512       286.4451       287.1926       288.2579       289.1010       289.6274       289.8481       289.5383       289.0559       287.9909       286.8938       286.1373    
 2091   285.9942       286.3643       287.2882       288.2496       289.0464       289.6410       289.8231       289.7332       289.0917       288.1821       287.2027       286.5027    
 2092   286.1000       286.5536       287.4217       288.3438       289.1794       289.6781       289.9882       289.7880       289.1492       288.2051       287.2903       286.5544    
 2093   286.2837       286.3381       287.2361       288.3832       289.2743       289.7769       289.8542       289.6236       289.0085       288.1051       287.0488       286.4396    
 2094   286.2994       286.7608       287.6222       288.5336       289.1850       289.8974       290.0856       289.9851       289.3629       288.5002       287.2767       286.5566    
 2095   286.3185       286.8409       287.4259       288.4922       289.2283       289.6896       289.9064       289.7287       289.1226       288.1641       287.0639       286.4919    
 2096   286.5402       286.8615       287.6985       288.4883       289.2982       289.8023       290.0094       289.8111       289.0492       288.0601       287.1452       286.3716    
 2097   286.2924       286.6869       287.4356       288.5834       289.5004       290.0637       290.0508       289.9218       289.2640       288.4290       287.3019       286.7781    
 2098   286.5517       286.8188       287.8413       288.6769       289.4261       290.0414       290.2262       289.8603       289.2396       288.3539       287.3643       286.5735    
 2099   286.2726       286.6489       287.4585       288.5014       289.2715       289.7606       289.9505       289.7170       289.1050       288.1078       287.0671       286.1971    
 2100   286.1971       286.4291       287.3841       288.2090       289.1167       289.6254       289.8506       289.6939       288.9892       288.1524       287.0095       286.2938    
