# using minimal fraction of valid points 30.00
# tas [K] from CCSM4 model output prepared for CMIP5 RCP2.6 r1i1p1
# cutting out region lon=    0.000  360.000, lat=  -90.000   90.000
 1861   284.5218       284.7438       285.6287       286.4200       287.3595       288.1898       288.5680       288.3414       287.5016       286.3566       285.2440       284.4487    
 1862   284.4697       284.7516       285.3954       286.5490       287.4071       288.1642       288.4919       288.2602       287.6095       286.4176       285.3869       284.7855    
 1863   284.5911       285.0789       285.5465       286.3667       287.2891       288.0494       288.4447       288.2477       287.5449       286.4573       285.6910       285.0795    
 1864   284.8717       285.0627       285.6135       286.5439       287.4406       288.2517       288.4319       288.1481       287.4832       286.5146       285.6215       284.9429    
 1865   284.8674       284.9417       285.6784       286.5668       287.2719       288.0231       288.3811       288.3509       287.4697       286.3587       285.1914       284.7288    
 1866   284.4692       284.5806       285.2622       286.0939       287.0273       287.7139       288.3093       288.1604       287.3357       286.1733       285.1588       284.6599    
 1867   284.4359       284.7987       285.3675       286.1402       287.1273       287.8978       288.2422       288.3286       287.4594       286.3227       285.6220       284.7498    
 1868   284.6859       284.7840       285.4775       286.3232       287.2219       287.8852       288.4610       288.2462       287.5281       286.6230       285.4877       285.0099    
 1869   284.7808       285.1684       285.6307       286.5422       287.4584       288.1386       288.6264       288.4178       287.6122       286.6523       285.5136       284.9522    
 1870   284.8454       285.2170       285.6249       286.2656       287.4166       288.0599       288.5298       288.2415       287.3452       286.3577       285.4843       284.7015    
 1871   284.5606       285.0836       285.7738       286.5986       287.3615       287.9962       288.4414       288.2065       287.5611       286.4361       285.5966       285.0002    
 1872   284.5553       284.6939       285.4383       286.3929       287.3156       288.1947       288.6076       288.3189       287.5727       286.4719       285.4199       284.7327    
 1873   284.7074       285.1048       285.6872       286.5673       287.3171       288.1681       288.6087       288.3648       287.4535       286.2107       285.3120       284.8440    
 1874   284.6562       284.6463       285.5156       286.4506       287.1827       287.9766       288.5977       288.3706       287.6690       286.4233       285.2783       284.6162    
 1875   284.6113       284.7260       285.5173       286.7177       287.5211       288.3051       288.5979       288.2850       287.5797       286.6249       285.5438       285.0849    
 1876   284.6661       285.2946       285.8538       286.5009       287.4462       288.3633       288.5287       288.2823       287.5478       286.4566       285.2794       284.6881    
 1877   284.4731       284.9465       285.4799       286.3364       287.3613       288.1504       288.5017       288.2934       287.4643       286.3268       285.3193       284.7791    
 1878   284.5144       284.6773       285.4295       286.2571       287.3314       287.9764       288.3260       288.3073       287.3872       286.2590       285.4641       284.7008    
 1879   284.6198       284.9427       285.5255       286.4328       287.2965       287.9548       288.4441       288.1709       287.4964       286.5154       285.4868       284.7714    
 1880   284.9627       284.9657       285.8165       286.6617       287.5559       288.1030       288.6800       288.4634       287.6461       286.6341       285.5771       285.1297    
 1881   284.9197       285.2049       285.7896       286.5992       287.4982       288.1264       288.5577       288.2589       287.6185       286.5124       285.3880       284.9193    
 1882   284.5103       285.0157       285.4647       286.3753       287.4090       287.9391       288.5341       288.2857       287.4582       286.5176       285.5507       284.7830    
 1883   284.6529       285.0503       285.4561       286.3694       287.2352       288.1226       288.5369       288.2104       287.3926       286.1135       285.3062       284.6137    
 1884   284.3985       284.6964       285.1612       285.8216       286.6728       287.4506       287.9941       287.7211       286.9682       286.0651       284.8978       284.4990    
 1885   284.3926       284.8893       285.4536       286.2773       287.0134       287.8762       288.2517       288.0073       287.2453       286.2063       285.2080       284.5175    
 1886   284.5369       284.8656       285.1904       286.0804       286.9260       287.7829       288.1543       287.9467       287.0730       285.9807       285.0182       284.5194    
 1887   283.9879       284.4161       285.2736       286.1670       286.9229       287.5472       288.0474       287.9229       287.2875       286.0361       284.9914       284.4527    
 1888   284.4058       284.8281       285.2117       286.2745       287.0238       287.8704       288.4221       288.3039       287.5542       286.3784       285.3015       284.5097    
 1889   284.3094       284.8135       285.4101       286.3242       287.0729       287.9820       288.2703       288.2546       287.4466       286.3347       285.5121       284.6210    
 1890   284.4254       285.2636       285.6855       286.4472       287.1034       287.9166       288.4393       288.2622       287.3422       286.2987       285.2371       284.6104    
 1891   284.6038       285.1794       285.5587       286.4377       287.2851       288.0437       288.3324       288.2683       287.3914       286.3831       285.2921       284.7123    
 1892   284.4789       284.6703       285.3469       286.1645       287.1969       287.9101       288.2624       287.9955       287.2454       286.1208       285.1045       284.5240    
 1893   284.3858       284.3886       285.3308       286.2524       287.1925       287.9716       288.4035       288.0630       287.4777       286.2622       285.1123       284.6296    
 1894   284.5516       285.1430       285.3943       286.2819       287.3017       288.1448       288.4732       288.3775       287.5252       286.4922       285.5310       284.8263    
 1895   284.8444       285.2685       285.8227       286.6807       287.3914       288.0267       288.4573       288.2540       287.3041       286.3052       285.4963       284.6976    
 1896   284.4581       284.4787       285.2528       286.4230       287.2588       287.9770       288.6143       288.2036       287.3773       286.2733       285.4402       284.8751    
 1897   284.8442       284.7312       285.3546       286.3897       287.2265       288.1702       288.5027       288.1560       287.5397       286.4086       285.4868       284.7365    
 1898   284.6649       285.0348       285.8521       286.4172       287.4081       288.1416       288.4831       288.3605       287.4910       286.5781       285.6240       284.8346    
 1899   284.4754       285.1050       285.7740       286.3527       287.3935       288.0492       288.4706       288.3582       287.4780       286.4047       285.4409       284.7831    
 1900   284.7889       284.9045       285.6769       286.2993       287.2148       288.0090       288.3772       288.3402       287.5203       286.3669       285.4275       284.8883    
 1901   284.7521       285.0368       285.9249       286.4952       287.3683       288.1309       288.5701       288.5476       287.7040       286.5597       285.6774       285.2442    
 1902   285.1611       285.5356       285.6627       286.4786       287.5387       288.2104       288.5374       288.1742       287.5246       286.5768       285.1397       284.5989    
 1903   284.4688       284.4801       285.0491       286.0273       286.7529       287.4125       287.8017       287.7028       286.9138       285.6764       284.6014       283.9901    
 1904   283.7592       284.2480       285.0343       285.7738       286.6225       287.4696       287.9737       287.8459       287.1060       285.9876       284.9176       284.4366    
 1905   284.3787       284.5507       285.2957       286.1283       287.1932       287.9329       288.2945       288.0406       287.1682       286.1692       285.1062       284.5637    
 1906   284.3958       284.6617       285.2462       286.0715       286.9975       287.7827       288.1833       288.0453       287.3106       286.1521       285.0015       284.4168    
 1907   284.5282       284.9375       285.2615       286.1586       287.1708       287.7693       288.2404       287.9915       287.1563       285.9458       285.1273       284.4366    
 1908   284.2675       284.8744       285.5617       286.3745       287.1425       288.0350       288.2974       288.2433       287.4450       286.3917       285.6767       284.9333    
 1909   284.7354       284.9052       285.7131       286.6740       287.4850       288.3951       288.7105       288.4596       287.7338       286.4501       285.6448       285.0151    
 1910   284.7448       284.9631       285.8514       286.7160       287.4229       288.1451       288.5542       288.2585       287.4843       286.4031       285.2621       284.5101    
 1911   284.5410       284.7854       285.4405       286.2590       287.1201       287.8280       288.4154       288.2200       287.3096       286.1223       285.5096       284.7818    
 1912   284.5845       284.8346       285.6112       286.4570       287.2700       287.9700       288.4576       288.1305       287.3359       286.1561       285.3557       284.4816    
 1913   284.4371       285.0013       285.4584       286.3470       287.2839       287.8476       288.3474       288.0774       287.3361       286.1576       285.4070       284.6889    
 1914   284.8984       284.9874       285.3261       286.3245       287.2304       288.1005       288.4673       288.1909       287.5000       286.3426       285.3893       285.0266    
 1915   284.5132       284.8443       285.4962       286.4637       287.2321       288.0837       288.6013       288.4110       287.5685       286.1652       285.4901       284.9400    
 1916   284.7953       285.1027       285.6959       286.6294       287.4723       288.0942       288.5699       288.4617       287.7086       286.4660       285.4648       285.0284    
 1917   284.8357       285.1052       285.5991       286.4397       287.5717       288.3933       288.7411       288.3985       287.5574       286.5349       285.5793       284.9064    
 1918   284.6198       285.2383       285.4391       286.3969       287.2470       288.0908       288.5858       288.3886       287.4890       286.5428       285.4005       284.5686    
 1919   284.6483       284.8058       285.4764       286.4905       287.4040       288.1994       288.6569       288.4713       287.7057       286.6249       285.5485       285.1277    
 1920   284.9015       285.2583       285.7715       286.6170       287.3880       288.4281       288.8821       288.6279       287.6683       286.4004       285.4520       284.9881    
 1921   284.6910       284.9093       285.9481       286.6390       287.6349       288.0780       288.5795       288.3693       287.5543       286.5100       285.3275       284.7556    
 1922   284.7237       285.1375       285.6151       286.6061       287.5496       288.2635       288.6008       288.5866       287.5857       286.6197       285.4644       284.9998    
 1923   284.7693       285.2046       285.8691       286.5822       287.4446       288.3531       288.8089       288.5159       287.7884       286.8051       285.7930       285.0483    
 1924   285.1156       285.2461       286.0658       286.8681       287.7191       288.4021       288.7700       288.5985       287.7662       286.8093       285.7827       285.2034    
 1925   284.8321       285.2314       285.9552       286.5613       287.3670       288.2502       288.6930       288.3449       287.6899       286.5522       285.5053       285.0339    
 1926   284.7136       285.2723       285.6805       286.4158       287.3265       288.1944       288.6892       288.5514       287.6607       286.6912       285.8799       285.3334    
 1927   285.1051       285.5535       285.9744       286.8628       287.6177       288.5526       288.7740       288.6674       287.8709       286.9481       285.9189       285.4370    
 1928   285.1613       285.0560       286.0114       286.7010       287.6198       288.3537       288.7701       288.5832       287.7201       286.6616       285.6246       285.0457    
 1929   284.7290       285.0433       285.5679       286.3487       287.3651       288.1100       288.7162       288.3352       287.6071       286.6104       285.4403       284.8036    
 1930   285.1061       285.2324       285.6963       286.5473       287.3934       288.4100       288.7533       288.5265       287.7780       286.9060       285.9493       285.3221    
 1931   285.4156       285.4849       286.1494       286.8311       287.5036       288.3622       288.8012       288.6779       287.8981       286.8474       285.7000       285.1400    
 1932   284.8529       285.1454       285.5699       286.7531       287.4879       288.2194       288.6763       288.4798       287.5336       286.6464       285.4846       284.8929    
 1933   284.9254       284.8262       285.4929       286.3922       287.2350       288.1028       288.5388       288.2625       287.5388       286.7246       285.6735       284.8169    
 1934   285.0583       285.3426       285.8825       286.6068       287.6330       288.3134       288.5755       288.2971       287.5197       286.3108       285.6158       284.9211    
 1935   284.4595       284.7331       285.5483       286.3711       287.2316       288.1131       288.5340       288.3097       287.5959       286.4558       285.4344       285.1654    
 1936   284.6409       285.0256       285.9406       286.7866       287.5276       288.2873       288.7773       288.4909       287.7337       286.7501       285.6418       285.0167    
 1937   285.0723       285.3405       285.9048       286.7621       287.6385       288.2841       288.8032       288.4804       287.7830       286.5967       285.6907       285.0072    
 1938   285.1112       285.3495       285.9199       286.8224       287.3843       288.4757       288.6184       288.4785       287.6373       286.6703       285.4588       285.0160    
 1939   285.1084       285.0459       285.8838       286.7604       287.6945       288.3277       288.7961       288.7395       287.8115       286.7197       285.6555       285.0681    
 1940   285.0192       285.3798       286.0652       286.6903       287.6459       288.4554       288.8785       288.6330       287.9055       286.6931       285.9634       285.2893    
 1941   285.2741       285.4123       286.0847       286.7934       287.6533       288.3579       288.7602       288.4511       287.7539       286.7565       285.5254       285.1445    
 1942   284.7955       285.2133       285.7952       286.5833       287.5437       288.3321       288.6554       288.4135       287.7841       286.6987       285.7644       285.2874    
 1943   285.1147       285.5158       285.8665       286.7878       287.5053       288.3982       288.7496       288.5096       287.6647       286.6613       285.4489       285.0925    
 1944   285.0418       285.0950       285.9142       286.6090       287.6125       288.3905       288.8193       288.5409       287.6949       286.5030       285.7048       284.6938    
 1945   284.7576       285.1019       285.6850       286.6443       287.4194       288.1975       288.6124       288.4923       287.7018       286.7344       285.6522       285.2605    
 1946   284.8701       285.1286       285.9513       286.7361       287.6827       288.2964       288.7209       288.6647       287.7587       286.6210       285.7099       285.0291    
 1947   285.0733       285.5609       285.6628       286.6708       287.5613       288.4516       288.8476       288.6213       287.7970       286.8109       285.9886       285.4200    
 1948   285.2114       285.5170       286.2062       286.8017       287.6631       288.3600       288.6638       288.6152       287.7730       286.7379       285.7235       285.0879    
 1949   284.8591       285.1663       285.6562       286.4666       287.4217       288.1292       288.7484       288.3972       287.7101       286.6414       285.6610       285.0515    
 1950   284.8643       285.0524       285.7454       286.5342       287.3609       288.2043       288.7571       288.3114       287.7235       286.6352       285.6471       285.3047    
 1951   285.1558       285.3340       286.1279       286.8156       287.5702       288.3561       288.7172       288.4380       287.7057       286.8613       285.8923       285.2325    
 1952   285.1594       285.5377       286.2260       286.7529       287.6579       288.4388       288.8391       288.5271       287.7810       286.7783       285.8604       285.2668    
 1953   285.1777       285.4590       285.6836       286.8155       287.6594       288.3962       288.8039       288.5215       287.8395       286.9020       285.7976       285.3509    
 1954   285.0779       285.3688       286.1207       286.6401       287.6461       288.2817       288.6141       288.5742       287.7679       286.6247       285.5118       285.1918    
 1955   284.9293       285.1879       285.8983       286.6285       287.6132       288.4614       288.6244       288.6203       287.8119       286.7878       285.7188       285.3344    
 1956   285.2221       285.2544       285.8765       286.7676       287.7623       288.3673       288.8458       288.5818       287.8714       286.8824       285.8560       285.1660    
 1957   285.0368       285.1342       286.0683       286.9082       287.7819       288.5328       288.8962       288.7134       287.8823       286.8331       286.0214       285.1419    
 1958   284.8675       285.3702       286.0094       286.7716       287.5887       288.4766       288.7170       288.5705       287.8327       286.7736       285.6093       285.2448    
 1959   285.3038       285.5375       286.0021       286.7282       287.5208       288.3881       288.9492       288.6037       287.8027       286.6930       285.8743       285.3356    
 1960   285.1180       285.5767       286.0549       286.8399       287.6032       288.3904       288.7097       288.6412       287.7891       286.7048       285.8312       285.1136    
 1961   284.9699       285.2582       285.6717       286.6449       287.7474       288.3263       288.7956       288.5457       287.7603       286.6153       285.6690       284.9696    
 1962   284.8677       285.0981       285.8849       286.7104       287.4497       288.2583       288.7150       288.5571       287.7383       286.6051       285.7319       285.0637    
 1963   284.8055       285.1774       285.8116       286.6145       287.4922       287.9948       288.4337       288.3994       287.5720       286.4354       285.5021       284.7198    
 1964   284.7153       284.8241       285.8398       286.4405       287.2443       287.8823       288.5426       288.4063       287.6212       286.5763       285.9405       285.0851    
 1965   285.0025       285.0487       285.6916       286.7246       287.5056       288.2324       288.6567       288.3287       287.6306       286.6786       285.6808       284.9717    
 1966   284.8966       285.2300       285.6825       286.5467       287.5403       288.2064       288.7030       288.4877       287.6305       286.6441       285.5782       285.0197    
 1967   284.9574       285.1128       285.6748       286.3908       287.3823       288.3217       288.6557       288.3728       287.7232       286.7668       285.5335       284.9156    
 1968   284.9431       285.3490       285.8537       286.5009       287.4330       288.3930       288.6848       288.5398       287.9163       286.8540       286.0608       285.3376    
 1969   285.4010       285.5871       286.3996       287.1030       287.7869       288.4244       288.9337       288.6179       287.8472       286.9242       286.0326       285.6180    
 1970   285.0216       285.3920       285.9077       287.1983       287.9836       288.5893       288.9024       288.7556       287.9899       286.9869       285.6962       285.0709    
 1971   284.8831       285.2702       286.0692       286.8254       287.6640       288.1667       288.6209       288.4227       287.7546       286.5717       285.6482       284.9127    
 1972   284.9885       285.2451       285.8824       286.7570       287.5688       288.3165       288.8463       288.6671       287.9001       287.0353       285.9142       285.3707    
 1973   284.9540       285.0432       285.6943       286.9221       287.7302       288.4223       288.9044       288.7262       288.0212       286.9220       285.7563       285.1068    
 1974   284.9678       285.3491       285.9806       286.8439       287.5919       288.5520       289.0395       288.7999       287.9211       286.8597       285.8498       285.3752    
 1975   285.0588       285.2651       285.9627       287.0895       287.8516       288.5399       289.1133       288.7739       288.1797       286.9652       285.9114       285.4402    
 1976   285.4399       285.6024       286.5233       287.1770       288.1314       288.7147       289.1641       288.7568       288.0186       287.0596       286.0108       285.5597    
 1977   285.2537       285.6321       286.3009       286.9468       287.8344       288.6262       288.9614       288.8077       288.1153       286.9652       286.0199       285.4236    
 1978   285.1237       285.3958       286.1209       286.9109       287.8230       288.5083       289.0471       288.7426       288.0117       287.1702       285.9744       285.4889    
 1979   285.1885       285.4390       286.2915       286.9561       287.9115       288.6300       288.9902       288.8159       288.2441       287.1177       286.0383       285.3705    
 1980   285.3643       285.5582       286.4276       286.8971       288.0049       288.6853       289.2064       288.9055       288.1594       287.1344       286.2396       285.7094    
 1981   285.6216       285.8898       286.4293       287.2334       287.8890       288.6830       289.1725       288.9360       288.2538       287.2107       286.2299       285.5772    
 1982   285.5580       285.7406       286.3653       287.0546       287.8568       288.7445       289.1303       288.8239       288.0920       286.9570       285.9272       285.3754    
 1983   285.2864       285.3930       286.0745       287.0164       287.8818       288.5616       288.9329       288.7304       287.9671       286.9156       285.7779       285.3758    
 1984   285.2972       285.4188       286.2023       286.9867       287.7351       288.3860       288.9442       288.7406       287.9856       286.9415       285.9438       285.5275    
 1985   285.2765       285.4759       285.9632       286.8992       287.7994       288.5372       288.9014       288.7070       288.0009       287.2097       286.1758       285.7369    
 1986   285.3818       285.6977       286.2348       287.1773       288.0156       288.7193       289.2056       289.0145       288.1188       287.2159       286.2331       285.8604    
 1987   285.6597       286.0479       286.4658       287.2900       288.0792       288.8607       289.2403       288.8484       288.2682       287.0505       286.0914       285.5224    
 1988   285.2455       285.8318       286.1275       287.0839       287.9520       288.5955       289.2080       289.0163       288.1588       286.9908       285.8949       285.4755    
 1989   285.1736       285.4876       286.2349       287.2148       287.9468       288.7314       289.1797       289.0318       288.0699       287.1774       286.0592       285.7007    
 1990   285.6073       285.8843       286.3299       287.1598       288.1298       288.9796       289.5143       289.0949       288.4163       287.3305       286.2160       285.6302    
 1991   285.6533       285.9388       286.6299       287.1024       288.1402       289.0728       289.3658       289.1590       288.3718       287.1685       286.2146       285.6303    
 1992   285.4391       285.5677       286.2701       286.9839       287.8505       288.4994       288.9283       288.9037       288.1179       287.0280       286.3348       285.9106    
 1993   285.6749       286.0937       286.4288       287.1023       288.0194       288.9692       289.3080       288.9774       288.1921       287.2675       286.2877       285.6833    
 1994   285.6179       285.7180       286.1999       287.1106       287.9753       288.6855       288.9842       288.7236       288.0133       287.0174       286.1934       285.4850    
 1995   285.2754       285.7087       286.2905       286.9758       288.0040       288.7765       289.0680       288.8104       288.1125       287.0505       285.9525       285.4191    
 1996   285.1759       285.4517       286.2758       287.0149       287.9479       288.7454       289.2472       289.0001       288.2304       287.2718       285.9193       285.6223    
 1997   285.4558       285.6702       286.4225       287.2191       288.2326       289.0425       289.3233       289.1171       288.4055       287.4468       286.3824       285.6554    
 1998   285.6297       285.9535       286.6698       287.4487       288.4446       289.4150       289.4776       289.2941       288.6702       287.4422       286.5484       285.8622    
 1999   285.7054       285.9134       286.4513       287.4365       288.2951       289.1564       289.4933       289.3084       288.4926       287.5293       286.4370       286.0464    
 2000   285.6851       285.7542       286.6504       287.3983       288.4253       289.1539       289.6583       289.3460       288.5840       287.6218       286.8149       286.2643    
 2001   286.2097       285.9650       286.7826       287.8054       288.6181       289.3165       289.7049       289.6114       288.7186       287.6980       286.7962       286.2122    
 2002   286.1455       286.4424       286.9191       287.7317       288.5521       289.3431       289.8112       289.5036       288.6835       287.7222       286.7710       285.9482    
 2003   285.7839       286.1829       286.7578       287.6355       288.3413       289.0659       289.4915       289.3457       288.5805       287.4945       286.6478       285.9214    
 2004   285.9833       286.0562       286.7229       287.5296       288.3387       289.1011       289.5991       289.4651       288.7550       287.6188       286.6231       286.2081    
 2005   286.0218       286.4219       286.9229       287.5553       288.6246       289.2373       289.5082       289.4944       288.6595       287.6372       286.8108       286.1443    
 2006   286.2329       286.4189       287.0855       287.9383       288.6500       289.3943       289.7795       289.5397       288.8703       287.7724       286.9319       286.1223    
 2007   285.9048       286.0970       286.8012       287.7637       288.5520       289.1913       289.6331       289.3996       288.6834       287.5323       286.5591       286.0194    
 2008   285.9080       286.2502       286.6508       287.6491       288.4790       289.1087       289.5998       289.3617       288.7647       287.7390       286.6794       286.1655    
 2009   285.9395       286.4103       286.8604       287.7163       288.4925       289.2262       289.7908       289.4059       288.7762       287.8200       286.9552       286.3098    
 2010   286.0995       286.4421       287.0668       287.7760       288.6801       289.5292       289.7442       289.5321       288.8829       287.7888       286.9763       286.3330    
 2011   286.2735       286.5926       287.0368       287.6909       288.5894       289.4833       289.7890       289.6737       288.8506       287.7483       286.7618       286.1540    
 2012   286.2388       286.3435       286.9310       287.7889       288.6407       289.4467       289.9382       289.7356       288.9916       287.8033       286.8693       285.9880    
 2013   286.0627       286.2800       286.8417       287.6542       288.5669       289.2642       289.8353       289.6546       288.8275       287.8989       286.7260       286.4003    
 2014   286.2950       286.2960       287.2741       287.9897       288.7764       289.5329       289.8238       289.7433       288.8388       287.9236       286.9037       286.2534    
 2015   286.1228       286.4192       286.9868       287.6419       288.6127       289.4800       289.6373       289.5338       288.8800       287.8621       286.7338       286.2977    
 2016   286.1478       286.4073       286.8430       287.8857       288.7046       289.4767       289.8365       289.5232       288.8867       287.7989       286.7071       286.4445    
 2017   286.1880       286.4340       286.8589       287.8743       288.8063       289.4911       289.9340       289.7790       288.9602       287.9544       286.8383       286.2913    
 2018   286.2189       286.6541       287.1120       287.8356       288.7470       289.5901       289.8836       289.6296       288.9465       288.0774       287.0913       286.4348    
 2019   286.2654       286.5929       287.0276       287.9949       288.6964       289.5213       289.8779       289.7820       288.9665       287.8173       286.9328       286.2611    
 2020   286.2489       286.3856       287.0601       287.8031       288.6290       289.5870       289.9571       289.7204       288.9611       288.0136       287.0270       286.4045    
 2021   286.5213       286.6426       287.3088       287.8865       288.8972       289.6226       289.9566       289.8025       289.0181       287.9212       286.8574       286.3977    
 2022   286.4431       286.5910       286.9895       287.8361       288.8292       289.5641       289.9319       289.6895       288.8618       288.1259       287.0336       286.3246    
 2023   286.1949       286.5876       287.3224       287.9336       288.7992       289.5147       289.8366       289.7179       289.1038       288.1342       287.2305       286.5214    
 2024   286.2781       286.6095       287.1129       287.8574       288.8460       289.8016       290.1452       289.9317       289.0768       288.1956       287.2064       286.3197    
 2025   286.6323       286.7433       287.1642       288.1961       289.0384       289.7433       290.0625       289.8308       289.0603       288.1147       287.0049       286.4026    
 2026   286.4004       286.6308       287.3792       288.0511       288.8009       289.4272       289.8994       289.6520       288.9874       288.1020       287.0805       286.4077    
 2027   286.2419       286.7416       286.9942       287.9840       288.8274       289.5084       290.0282       289.7956       289.0387       288.0489       286.9942       286.4557    
 2028   286.3065       286.6076       287.2315       288.0058       288.8633       289.6714       290.0263       289.7757       289.0401       288.2578       287.0081       286.4553    
 2029   286.2673       286.4237       287.2992       288.2682       289.2502       289.8899       290.2675       289.8133       289.1264       288.2766       287.4258       286.5274    
 2030   286.5850       286.9794       287.3495       288.3173       289.1794       289.8379       290.2099       289.8561       289.1324       288.1469       287.1312       286.3004    
 2031   286.2680       286.3564       287.2536       287.9581       288.7671       289.5214       289.9991       289.9035       289.0529       287.9984       287.0489       286.4749    
 2032   286.5302       286.6572       287.0930       288.0649       288.8694       289.5394       290.0026       289.8534       288.8900       288.0457       287.0701       286.3789    
 2033   286.4089       286.5706       287.2559       288.0694       288.9735       289.6545       290.1087       289.8257       289.0936       288.0905       287.3182       286.4872    
 2034   286.3531       286.5236       287.4818       288.1292       288.9029       289.6127       289.9925       290.0193       289.3463       288.2607       287.3038       286.7264    
 2035   286.6832       286.7859       287.4070       288.3402       289.1085       289.8626       290.3607       290.2169       289.3220       288.3767       287.4541       286.7185    
 2036   286.7771       286.8575       287.6446       288.5538       289.3601       290.1308       290.4124       290.1032       289.4219       288.3610       287.5033       286.9549    
 2037   286.8664       287.0790       287.7722       288.4568       289.2225       289.7950       290.2031       289.8206       289.2756       288.3353       287.3940       286.6876    
 2038   286.5013       286.7077       287.1956       288.1757       288.8454       289.6293       290.0904       289.9667       289.3149       288.2464       287.3918       286.8878    
 2039   286.3439       286.4105       287.2157       288.2505       289.2426       289.9505       290.3368       290.1473       289.3799       288.2491       287.2784       286.9615    
 2040   286.7661       287.1866       287.3410       288.2656       289.1848       289.9214       290.1847       289.9665       289.2266       288.2638       287.4985       286.7582    
 2041   286.4610       286.6222       287.1343       288.0832       288.9418       289.6700       290.2325       289.9343       289.2261       288.2676       287.0364       286.6136    
 2042   286.6473       286.7451       287.3251       288.2811       288.9911       289.8325       290.2550       290.0640       289.1158       288.0942       287.3421       286.6265    
 2043   286.5433       286.8124       287.3610       287.9867       288.8163       289.5272       290.0137       290.0294       289.2566       288.0443       287.2283       286.5353    
 2044   286.3021       286.5352       287.3939       288.3587       289.2149       289.8875       290.3446       290.0030       289.2963       288.1704       287.2398       286.6951    
 2045   286.6879       287.1847       287.5229       288.2298       289.0759       289.9426       290.2003       290.0089       289.2697       288.4193       287.3201       286.6813    
 2046   286.3285       286.8742       287.6103       288.2523       289.2636       289.9638       290.2833       290.0272       289.4538       288.4654       287.6213       287.0018    
 2047   286.6264       286.9485       287.4865       288.3104       289.1253       290.0155       290.2327       290.1425       289.3532       288.2347       287.2310       286.7412    
 2048   286.4039       286.7233       287.6021       288.3487       289.0833       289.9225       290.2191       289.9388       289.2888       288.2541       287.2532       286.8037    
 2049   286.7479       286.6247       287.4139       288.1949       289.0938       289.7439       290.1246       290.1110       289.2505       288.3314       287.5245       286.8919    
 2050   286.9558       286.9957       287.5374       288.1870       289.1022       289.9161       290.3409       290.1724       289.5423       288.4267       287.5164       286.8360    
 2051   286.5170       286.6662       287.2867       288.2200       289.1773       289.8623       290.2837       290.0622       289.2203       288.2441       287.2102       286.4349    
 2052   286.5127       286.6813       287.3831       288.1675       288.9708       289.7567       290.2985       289.9627       289.2201       288.2566       287.1718       286.6337    
 2053   286.6087       286.7466       287.4276       288.4131       289.1302       289.8631       290.3013       289.9194       289.2238       288.2369       287.5745       286.7230    
 2054   286.5650       286.9662       287.4925       288.1269       289.2247       289.8762       290.2301       290.0237       289.4268       288.3623       287.4581       286.9373    
 2055   286.4349       287.0315       287.5485       288.3114       289.0250       289.8708       290.2444       289.9617       289.1678       288.3804       287.4058       287.0338    
 2056   286.6877       287.1558       287.6092       288.4680       289.1977       289.7550       290.1390       289.9223       289.2859       288.3601       287.4074       286.9292    
 2057   286.6766       286.7755       287.2797       288.0880       288.9768       289.7421       290.2816       289.9749       289.1765       288.3091       287.2777       286.4724    
 2058   286.5471       286.6487       287.2336       287.9993       288.9594       289.6997       290.1453       290.0100       289.3823       288.1935       287.1483       286.6534    
 2059   286.2502       286.8944       287.5670       288.1222       288.9714       289.8061       290.1205       290.0416       289.0932       288.3647       287.4424       286.8471    
 2060   286.8919       287.1431       287.5563       288.2256       289.1853       289.9444       290.2147       290.0353       289.3743       288.4738       287.2992       286.9825    
 2061   286.8675       287.0489       287.3135       288.1751       289.1682       289.9006       290.1987       290.0583       289.3083       288.3635       287.3395       286.6203    
 2062   286.3673       286.6671       287.1041       287.9915       289.0328       289.8116       290.2392       290.0427       289.3994       288.2868       287.2912       286.5730    
 2063   286.6796       286.8583       287.5197       288.2810       289.0632       289.6747       290.1167       289.9183       289.0829       288.0738       287.0600       286.6610    
 2064   286.5049       286.8643       287.2062       288.1986       288.9743       289.7554       290.1714       290.0384       289.3199       288.1870       287.2130       286.6123    
 2065   286.6785       287.0157       287.5511       288.4187       289.1396       289.8796       290.3057       290.1040       289.3827       288.2534       287.3917       286.5625    
 2066   286.2394       286.6894       287.2823       288.1060       289.0113       289.6313       290.0999       289.7766       289.2043       288.0326       287.0046       286.5421    
 2067   286.3226       286.6211       287.2869       288.0986       288.8930       289.6549       289.9751       289.8865       289.1381       287.9623       286.9893       286.6407    
 2068   286.6597       286.7739       287.1911       288.2639       289.0524       289.7717       290.1168       289.9987       289.3456       288.2292       287.5187       286.8441    
 2069   286.6044       287.0205       287.4509       288.2165       288.9340       289.5485       290.0947       289.9691       289.2007       288.2313       287.2757       286.6584    
 2070   286.5269       286.7120       287.4338       288.0300       288.7249       289.6652       290.1413       289.9004       289.1810       288.1960       287.1746       286.7279    
 2071   286.5267       286.8356       287.3152       288.0896       289.0446       289.6104       290.1647       289.9229       289.2601       288.3245       287.5979       286.7276    
 2072   286.7686       286.8243       287.4749       288.1945       288.9775       289.8134       290.1761       289.9569       289.1278       288.2827       287.4451       286.5920    
 2073   286.4345       286.7946       287.2862       288.0864       289.0367       289.7636       290.0240       289.9855       289.1768       288.1353       287.2551       286.6427    
 2074   286.7132       286.9608       287.6487       288.2550       289.1932       289.7938       290.3644       290.1852       289.3847       288.3952       287.5626       286.8415    
 2075   286.8793       287.0851       287.6144       288.5818       289.3030       289.8117       290.1441       289.9891       289.3077       288.4532       287.2661       286.7873    
 2076   286.3335       286.5914       287.5372       288.2032       289.0705       289.6920       290.0903       289.8439       289.1236       288.1622       287.3251       286.7091    
 2077   286.5725       286.6442       287.3143       288.1562       289.0000       289.8133       290.2433       290.0203       289.3843       288.5706       287.5165       287.1134    
 2078   286.6532       287.0042       287.7958       288.4308       289.1705       289.8797       290.4130       290.1637       289.3130       288.4241       287.2261       286.8421    
 2079   286.5392       286.8412       287.3767       288.1453       288.9680       289.7338       290.0180       289.9519       289.1732       288.1025       287.2116       286.5200    
 2080   286.2274       286.4704       287.3338       288.2961       289.1875       289.8300       290.2195       289.9574       289.1295       288.4280       287.4416       286.7606    
 2081   286.3462       286.8176       287.4670       288.2529       289.1821       289.8105       290.3123       290.0763       289.3393       288.3112       287.6194       286.9506    
 2082   286.7245       287.0442       287.6776       288.3450       289.2306       289.9757       290.2933       290.0596       289.4334       288.3695       287.3566       287.0101    
 2083   286.8424       286.7873       287.4069       288.3775       289.0881       289.9507       290.3521       290.1273       289.4419       288.3690       287.3271       286.9932    
 2084   286.8633       286.8618       287.2564       288.0940       288.9761       289.6317       290.2433       289.9219       289.1252       288.3161       287.2034       286.6979    
 2085   286.5940       286.9109       287.3164       288.1345       289.0022       289.5761       290.1543       289.8775       289.1056       288.2299       287.2825       286.4388    
 2086   286.5643       286.6756       287.3143       288.1045       289.0421       289.7881       290.2031       289.9397       289.1544       288.2776       287.3674       286.6420    
 2087   286.5627       286.6255       287.2835       287.9702       288.9418       289.6871       290.0877       289.9639       289.2324       288.2650       287.5370       286.8140    
 2088   286.6811       286.9230       287.7143       288.3536       289.1423       289.9109       290.2542       290.1161       289.2253       288.3293       287.3145       286.5017    
 2089   286.4290       286.7263       287.2607       288.1888       288.9135       289.6906       290.0938       289.8599       289.1709       287.9783       287.2263       286.5262    
 2090   286.2105       286.4938       287.1065       287.9447       288.8527       289.5815       290.0208       289.8356       289.1187       287.9506       286.9219       286.2432    
 2091   286.0618       286.6122       287.1979       288.1039       289.1012       289.9629       290.2187       290.0855       289.3398       288.2051       287.5810       286.7629    
 2092   286.5589       286.8405       287.4615       288.3389       289.1938       289.8738       290.2505       290.1137       289.3781       288.1448       287.4285       286.7775    
 2093   286.4050       286.9048       287.3500       288.2890       289.0667       289.7932       290.2281       289.9842       289.3588       288.2936       287.1627       286.9328    
 2094   286.7505       287.1911       287.7561       288.4354       289.1266       289.9696       290.3820       290.2083       289.4676       288.6029       287.5420       286.9336    
 2095   286.8456       287.1021       287.3416       288.2866       289.1222       289.9350       290.1901       289.9024       289.1826       288.1742       287.3478       286.7315    
 2096   286.6853       286.7679       287.2387       288.0200       288.9036       289.6559       290.1076       289.8235       289.0725       288.0686       286.8936       286.5429    
 2097   286.5274       286.8282       287.3189       288.2542       288.8862       289.7678       290.0583       289.8975       289.2376       287.9936       287.0744       286.5305    
 2098   286.4453       286.7469       287.2728       287.9363       289.0529       289.8376       290.1082       289.8519       289.0677       288.2798       287.1466       286.5353    
 2099   286.3221       286.4214       287.3374       288.1060       289.0314       289.7505       290.1167       289.9434       289.1351       288.1738       287.1589       286.6886    
 2100   286.4713       286.8206       287.5682       288.3969       289.0636       289.8668       289.9543       289.9612       289.3596       288.3489       287.4894       286.6895    
