# using minimal fraction of valid points 30.00
# tos [Celsius] from NOAA GFDL GFDL-CM3, RCP6 (run 1) experiment output for CMIP5 AR5 r1i1p1
# cutting out region lon=    0.000  360.000, lat=  -90.000   90.000
 1861   18.11487       18.31436       18.22656       18.02869       17.81161       17.74402       17.83643       17.85745       17.71176       17.55090       17.53815       17.77853    
 1862   18.17328       18.36075       18.31918       18.08084       17.87598       17.75540       17.74100       17.71844       17.59476       17.37445       17.32977       17.49854    
 1863   17.88992       18.09006       18.04843       17.86459       17.61313       17.50836       17.62622       17.73608       17.58890       17.42117       17.38327       17.60486    
 1864   18.02289       18.26956       18.16882       17.96945       17.77014       17.67636       17.73099       17.79358       17.64151       17.46716       17.44156       17.67648    
 1865   18.15311       18.39838       18.31128       18.07935       17.84622       17.74835       17.75555       17.79526       17.69742       17.51962       17.42520       17.63260    
 1866   18.01895       18.24026       18.13141       17.91821       17.71619       17.61044       17.71692       17.76929       17.63083       17.43463       17.40244       17.56644    
 1867   17.99579       18.21390       18.13742       17.92444       17.73270       17.64603       17.76471       17.79758       17.67252       17.46619       17.41537       17.65051    
 1868   18.09763       18.31131       18.28339       18.04218       17.80554       17.76093       17.77011       17.83148       17.71405       17.54419       17.46967       17.74829    
 1869   18.16846       18.40637       18.32455       18.08566       17.85992       17.75879       17.79083       17.82016       17.68390       17.52325       17.46695       17.65305    
 1870   18.00821       18.23627       18.17395       17.95917       17.73718       17.63068       17.71683       17.81207       17.70096       17.57138       17.56000       17.84448    
 1871   18.26947       18.45938       18.36115       18.13422       17.94617       17.91498       17.92221       17.93280       17.75629       17.55594       17.57382       17.79092    
 1872   18.18182       18.38226       18.32681       18.08841       17.85361       17.76181       17.82236       17.84161       17.67535       17.49628       17.48383       17.74561    
 1873   18.15994       18.39780       18.34006       18.11646       17.89435       17.82672       17.89966       17.94196       17.80899       17.55771       17.51807       17.76520    
 1874   18.18921       18.40372       18.32620       18.07703       17.87613       17.79727       17.85104       17.85074       17.76526       17.61282       17.56503       17.81668    
 1875   18.24933       18.48740       18.44937       18.20740       18.00943       17.91913       17.95877       17.99002       17.88327       17.73865       17.72690       17.99866    
 1876   18.48257       18.67276       18.56229       18.30090       18.07224       17.90186       17.88873       17.88464       17.69739       17.51672       17.46231       17.72485    
 1877   18.10495       18.27823       18.17734       17.94077       17.73117       17.59952       17.68713       17.75571       17.66626       17.52325       17.52734       17.81528    
 1878   18.29361       18.50290       18.40918       18.14978       17.87418       17.73770       17.78946       17.87347       17.78601       17.62308       17.58997       17.90829    
 1879   18.35187       18.56711       18.43582       18.18423       17.96378       17.80585       17.82739       17.87637       17.73282       17.55545       17.54730       17.85883    
 1880   18.32190       18.50732       18.41049       18.15955       17.93457       17.75504       17.79736       17.86755       17.72598       17.55066       17.50656       17.70053    
 1881   18.12756       18.35571       18.30371       18.05417       17.83749       17.74734       17.81384       17.89304       17.79022       17.66769       17.64691       17.89960    
 1882   18.26083       18.47928       18.39331       18.14575       17.91403       17.86111       17.97202       18.04739       17.90750       17.70322       17.63831       17.89157    
 1883   18.28033       18.52045       18.43491       18.19693       17.94754       17.90042       17.93228       17.96988       17.80765       17.63583       17.58316       17.81955    
 1884   18.24118       18.43304       18.34268       18.05298       17.81155       17.68893       17.67844       17.69357       17.52515       17.30908       17.25974       17.48535    
 1885   17.90454       18.11069       18.00531       17.79886       17.55771       17.39737       17.46878       17.57703       17.45923       17.29633       17.28418       17.63754    
 1886   18.14090       18.32596       18.21408       17.97855       17.68359       17.55640       17.61002       17.65479       17.56445       17.37885       17.32419       17.52750    
 1887   17.93066       18.12515       18.08838       17.86334       17.60385       17.53696       17.61224       17.68365       17.57071       17.39682       17.43628       17.70175    
 1888   18.14362       18.33688       18.28021       18.07248       17.85004       17.72147       17.74915       17.74487       17.60153       17.44733       17.41504       17.64975    
 1889   18.10004       18.33453       18.24368       17.96677       17.71646       17.57846       17.61920       17.65305       17.53638       17.37875       17.37454       17.63321    
 1890   18.05197       18.27417       18.21701       17.94818       17.71356       17.57614       17.59036       17.59009       17.48700       17.41107       17.41318       17.69342    
 1891   18.08871       18.29388       18.21744       17.96628       17.70953       17.52856       17.54541       17.53613       17.43576       17.26410       17.21967       17.49747    
 1892   17.93918       18.19357       18.14017       17.85684       17.63605       17.55005       17.59927       17.66260       17.56793       17.42203       17.46292       17.74295    
 1893   18.19348       18.40323       18.34311       18.07959       17.78610       17.66470       17.71228       17.71646       17.63058       17.44553       17.42630       17.64783    
 1894   18.04355       18.25644       18.17798       17.92862       17.68338       17.62784       17.69641       17.77484       17.63525       17.50131       17.48907       17.71674    
 1895   18.08646       18.30774       18.27332       18.04391       17.81549       17.71674       17.78934       17.83817       17.73685       17.59494       17.57120       17.85043    
 1896   18.26486       18.46783       18.33527       18.03952       17.74625       17.60474       17.65216       17.69376       17.55780       17.35498       17.31958       17.50751    
 1897   17.95694       18.13705       18.09760       17.82721       17.58130       17.48584       17.57196       17.66199       17.57489       17.47003       17.44522       17.69797    
 1898   18.11972       18.32355       18.27539       18.04160       17.82529       17.69781       17.74387       17.75220       17.64566       17.49506       17.45773       17.71555    
 1899   18.17010       18.41800       18.30972       18.09323       17.83798       17.72543       17.75815       17.81937       17.70407       17.53781       17.49503       17.69229    
 1900   18.05981       18.28391       18.18747       17.99536       17.78128       17.74847       17.84134       17.85974       17.71152       17.54953       17.50253       17.69937    
 1901   18.06543       18.24704       18.15332       17.92841       17.69601       17.57376       17.64969       17.65518       17.51099       17.34033       17.30493       17.54550    
 1902   17.93918       18.17462       18.08960       17.84561       17.61047       17.48807       17.57098       17.60822       17.48907       17.30145       17.26398       17.46265    
 1903   17.88470       18.13986       18.05551       17.82767       17.56638       17.45117       17.51996       17.55905       17.44904       17.26401       17.26300       17.53046    
 1904   18.01843       18.25262       18.17059       17.91467       17.65732       17.54037       17.53369       17.58020       17.42346       17.22272       17.16162       17.44766    
 1905   17.89404       18.05847       18.01505       17.80960       17.59174       17.54108       17.63965       17.70102       17.60547       17.44666       17.37677       17.56833    
 1906   17.96710       18.14035       18.05487       17.85788       17.63004       17.51270       17.58603       17.67651       17.57538       17.42258       17.35965       17.55759    
 1907   17.96677       18.21259       18.16620       17.97220       17.71869       17.61182       17.67612       17.75671       17.66873       17.51166       17.53967       17.83984    
 1908   18.31116       18.55820       18.42798       18.15204       17.87204       17.71146       17.75076       17.77475       17.62799       17.42715       17.42566       17.70505    
 1909   18.09274       18.30597       18.22366       17.97311       17.70517       17.55347       17.63745       17.70142       17.58356       17.43176       17.42078       17.68851    
 1910   18.14972       18.37213       18.28961       18.04050       17.76712       17.68866       17.76447       17.82129       17.73041       17.57306       17.64038       17.95151    
 1911   18.37479       18.57526       18.51956       18.23431       17.97083       17.82108       17.77820       17.79886       17.65564       17.47980       17.43109       17.67932    
 1912   18.09845       18.30865       18.25375       17.99878       17.76791       17.65170       17.65955       17.64175       17.53574       17.36990       17.36093       17.59860    
 1913   18.01492       18.19452       18.15036       17.89868       17.64072       17.51175       17.54916       17.59497       17.47714       17.32391       17.33005       17.58643    
 1914   18.03918       18.24811       18.16815       17.96317       17.72424       17.59317       17.65628       17.72342       17.62256       17.49075       17.47934       17.76584    
 1915   18.22537       18.37729       18.35373       18.09497       17.90503       17.80359       17.77838       17.76724       17.65051       17.48587       17.46274       17.69916    
 1916   18.07788       18.30920       18.23889       17.98373       17.76666       17.64359       17.67136       17.71124       17.60794       17.41162       17.37866       17.61725    
 1917   18.02161       18.22156       18.19308       17.94885       17.75607       17.67227       17.73560       17.74139       17.56656       17.46292       17.47498       17.70844    
 1918   18.07736       18.26453       18.19223       17.97968       17.77060       17.72372       17.77725       17.82269       17.66736       17.45520       17.44202       17.63071    
 1919   17.95801       18.15070       18.05969       17.85471       17.63126       17.52655       17.60373       17.72214       17.59250       17.43442       17.38211       17.61160    
 1920   18.07587       18.31641       18.26883       18.05206       17.86047       17.73819       17.81537       17.88824       17.73572       17.56201       17.59888       17.90253    
 1921   18.34888       18.51636       18.41595       18.13583       17.84937       17.75848       17.78732       17.81839       17.69690       17.53125       17.52325       17.78052    
 1922   18.15274       18.38004       18.29947       18.03400       17.83850       17.74039       17.81595       17.84787       17.75262       17.63245       17.62115       17.87704    
 1923   18.28369       18.47162       18.39911       18.16403       17.88406       17.74326       17.78787       17.83353       17.67719       17.48798       17.45901       17.70126    
 1924   18.18536       18.43378       18.36615       18.14609       17.90912       17.79565       17.89139       17.92856       17.78552       17.65939       17.61887       17.88190    
 1925   18.37762       18.59290       18.49417       18.19391       17.92676       17.86002       17.86148       17.83517       17.66599       17.48834       17.41187       17.65427    
 1926   18.10760       18.33765       18.26495       18.02524       17.80045       17.69681       17.73401       17.81876       17.71234       17.53690       17.49811       17.79453    
 1927   18.22397       18.44061       18.33783       18.11584       17.87344       17.74677       17.79340       17.81601       17.66074       17.48615       17.45981       17.70209    
 1928   18.13037       18.39722       18.33566       18.11292       17.88419       17.81909       17.87610       17.89041       17.73831       17.58139       17.56415       17.81006    
 1929   18.17191       18.41718       18.28897       18.09448       17.86322       17.71521       17.74402       17.78537       17.68726       17.47235       17.40503       17.61185    
 1930   18.00714       18.23276       18.19763       17.96887       17.75043       17.64966       17.77695       17.82352       17.70862       17.58432       17.55609       17.82245    
 1931   18.20258       18.43735       18.29471       18.06281       17.84055       17.72708       17.81369       17.88602       17.75824       17.59543       17.58185       17.82813    
 1932   18.21579       18.43726       18.32846       18.09100       17.86511       17.80566       17.80295       17.80576       17.65918       17.52310       17.47537       17.72278    
 1933   18.12839       18.35245       18.19577       17.93259       17.68777       17.58524       17.69022       17.72717       17.60947       17.49100       17.44092       17.65823    
 1934   18.13184       18.35538       18.29218       18.05075       17.84177       17.84308       17.88809       17.94574       17.80765       17.61853       17.60184       17.89355    
 1935   18.40738       18.56644       18.50153       18.19183       17.94641       17.81879       17.83438       17.85580       17.70972       17.52896       17.48538       17.70328    
 1936   18.13428       18.37552       18.28009       18.00897       17.75891       17.70956       17.75967       17.83994       17.72708       17.58405       17.53986       17.76248    
 1937   18.14951       18.34439       18.32086       18.06668       17.83905       17.76624       17.82535       17.87912       17.75742       17.54495       17.58408       17.87018    
 1938   18.43073       18.69989       18.62189       18.38107       18.12173       17.92642       17.91104       17.91870       17.77930       17.60986       17.49713       17.71338    
 1939   18.14072       18.37119       18.25146       18.02322       17.78091       17.66693       17.73074       17.82077       17.69485       17.53409       17.52682       17.85117    
 1940   18.32281       18.50620       18.42209       18.14999       17.90039       17.75607       17.82471       17.87744       17.72318       17.55359       17.55106       17.80670    
 1941   18.20801       18.39197       18.31329       18.08060       17.87869       17.78976       17.87054       17.92401       17.77356       17.59286       17.60062       17.92648    
 1942   18.38797       18.62369       18.57043       18.27518       18.04688       17.94971       18.00281       18.02512       17.89450       17.71033       17.67148       17.91641    
 1943   18.32709       18.51303       18.42053       18.18369       17.92783       17.78329       17.82373       17.86810       17.71143       17.55209       17.51407       17.85065    
 1944   18.24075       18.45807       18.39514       18.13171       17.87354       17.79803       17.88516       17.95969       17.83478       17.67059       17.65295       17.94537    
 1945   18.42050       18.63293       18.54474       18.27008       18.02820       17.92642       17.97574       18.01062       17.88919       17.70068       17.67728       17.88333    
 1946   18.28586       18.50076       18.46033       18.18265       17.91144       17.85425       17.89609       17.93250       17.81415       17.65353       17.66989       17.99881    
 1947   18.47571       18.68552       18.58759       18.28845       17.99731       17.84735       17.89929       17.90692       17.79980       17.60464       17.54861       17.80887    
 1948   18.21729       18.41464       18.35083       18.11560       17.87054       17.77997       17.85822       17.96161       17.82974       17.68741       17.66214       17.93216    
 1949   18.34637       18.58521       18.48334       18.19882       17.94547       17.78574       17.82986       17.87042       17.73935       17.54932       17.56699       17.83554    
 1950   18.21631       18.40771       18.30661       18.09338       17.81943       17.73480       17.80475       17.89383       17.78302       17.60239       17.58481       17.88425    
 1951   18.33951       18.48126       18.40335       18.16849       17.97327       17.85156       17.90347       17.90097       17.73370       17.54285       17.55115       17.79071    
 1952   18.22311       18.45844       18.37759       18.13937       17.89722       17.82245       17.89072       17.95468       17.80939       17.58615       17.56842       17.82236    
 1953   18.25159       18.49976       18.41089       18.14975       17.88531       17.80298       17.84323       17.88593       17.74545       17.53625       17.50952       17.77829    
 1954   18.20612       18.44012       18.37732       18.17584       17.96085       17.83337       17.86053       17.89105       17.80591       17.64682       17.62216       17.88034    
 1955   18.26428       18.48639       18.46417       18.21497       17.99136       17.91891       17.95908       17.99078       17.87125       17.73148       17.71744       17.99741    
 1956   18.44781       18.63330       18.59131       18.34750       18.11462       18.04782       18.07617       18.11978       18.01505       17.88062       17.87839       18.17853    
 1957   18.65372       18.87628       18.75208       18.43921       18.17664       18.03381       17.99438       17.99042       17.85385       17.68851       17.60358       17.87216    
 1958   18.23856       18.45886       18.36774       18.14127       17.89066       17.78821       17.87033       17.92273       17.82379       17.67499       17.66980       17.88727    
 1959   18.27426       18.46097       18.38715       18.13727       17.90930       17.80609       17.91434       17.97537       17.90616       17.72095       17.68091       17.85562    
 1960   18.25824       18.44669       18.42798       18.20966       18.01477       17.89917       17.88971       17.93597       17.82559       17.63068       17.60544       17.73145    
 1961   18.12729       18.35107       18.29434       18.07767       17.86923       17.81226       17.87109       17.92068       17.79428       17.60349       17.59708       17.79160    
 1962   18.16266       18.41870       18.35861       18.13400       17.89160       17.80997       17.83908       17.83267       17.69156       17.53940       17.54578       17.83710    
 1963   18.31253       18.46725       18.39093       18.09366       17.80219       17.65570       17.64697       17.65286       17.52780       17.33780       17.28873       17.44525    
 1964   17.87097       18.05072       17.97159       17.75592       17.54767       17.46124       17.48495       17.51553       17.38852       17.24487       17.21201       17.48111    
 1965   17.93188       18.11136       18.03226       17.83148       17.57590       17.42642       17.43689       17.48376       17.33249       17.13837       17.09219       17.35873    
 1966   17.75232       17.99719       17.92487       17.67746       17.44937       17.34009       17.41785       17.45874       17.35468       17.20294       17.18091       17.46487    
 1967   17.86670       18.12012       18.04962       17.82327       17.58563       17.46164       17.49014       17.55884       17.46396       17.28564       17.28516       17.54767    
 1968   17.99261       18.21927       18.18542       17.94516       17.71103       17.59567       17.55444       17.57111       17.47125       17.26801       17.27020       17.51077    
 1969   17.94431       18.16330       18.08160       17.83899       17.57724       17.44394       17.44086       17.49255       17.38354       17.21384       17.16257       17.44754    
 1970   17.87488       18.09732       18.04623       17.78949       17.53427       17.44287       17.50320       17.53354       17.47086       17.31464       17.31421       17.61417    
 1971   18.04901       18.28992       18.17511       17.89398       17.64450       17.51352       17.58313       17.60254       17.50723       17.33569       17.31778       17.54767    
 1972   17.97986       18.19162       18.17004       17.87329       17.68536       17.58798       17.68338       17.72150       17.59250       17.44897       17.41220       17.65240    
 1973   18.06726       18.28845       18.16663       17.97040       17.72458       17.57108       17.66666       17.71375       17.54742       17.44678       17.39767       17.64227    
 1974   18.08170       18.30408       18.26208       18.01767       17.80658       17.73990       17.78336       17.82434       17.70691       17.55569       17.53000       17.75677    
 1975   18.21259       18.45001       18.36209       18.09793       17.92319       17.77689       17.75327       17.74841       17.54291       17.37338       17.31091       17.51318    
 1976   17.94250       18.14154       18.11322       17.86151       17.63461       17.45178       17.48282       17.54242       17.45926       17.30356       17.30936       17.53772    
 1977   17.96561       18.22525       18.20007       17.95941       17.70700       17.60287       17.68747       17.71478       17.59811       17.45816       17.42960       17.77411    
 1978   18.26578       18.51328       18.38016       18.16425       17.89890       17.80252       17.80453       17.78775       17.68091       17.46725       17.44290       17.71014    
 1979   18.17462       18.46103       18.42566       18.19235       17.96603       17.85907       17.91003       17.96613       17.80200       17.73480       17.73013       18.02164    
 1980   18.49976       18.64758       18.52362       18.28372       18.02304       17.87576       17.85776       17.86124       17.70288       17.49741       17.45230       17.71585    
 1981   18.17477       18.40356       18.37451       18.09381       17.82611       17.73984       17.78738       17.80493       17.67566       17.51425       17.47430       17.72272    
 1982   18.24176       18.49490       18.41702       18.19208       17.95413       17.84369       17.85431       17.86313       17.72565       17.52094       17.45779       17.74295    
 1983   18.18484       18.39838       18.27048       17.99362       17.72519       17.57196       17.65060       17.67566       17.57663       17.40701       17.41980       17.68427    
 1984   18.10754       18.36798       18.29733       18.09131       17.87289       17.76175       17.75507       17.80692       17.68695       17.51352       17.52472       17.84225    
 1985   18.30698       18.51968       18.47153       18.21265       17.88016       17.72144       17.71582       17.75836       17.62598       17.44131       17.40790       17.63205    
 1986   18.06210       18.18848       18.15952       17.98047       17.80081       17.75690       17.81741       17.88220       17.76819       17.57748       17.54230       17.85501    
 1987   18.31662       18.52454       18.48776       18.20068       17.94431       17.81287       17.83334       17.88388       17.70251       17.54526       17.57190       17.83713    
 1988   18.25726       18.44748       18.41019       18.17075       17.94269       17.87228       17.91675       17.98984       17.83463       17.67868       17.66214       17.94058    
 1989   18.40179       18.63242       18.57550       18.27731       18.01843       17.91440       17.93396       17.94370       17.76462       17.55939       17.56244       17.84369    
 1990   18.30273       18.58221       18.44852       18.20184       17.94345       17.82538       17.90012       17.93939       17.81494       17.65472       17.63928       17.91241    
 1991   18.32703       18.54425       18.47327       18.24570       17.95889       17.82306       17.88327       17.92395       17.83035       17.61853       17.62512       17.81732    
 1992   18.17783       18.40631       18.31720       18.07169       17.84485       17.74774       17.76492       17.77762       17.64102       17.43387       17.42691       17.75043    
 1993   18.15698       18.42105       18.33649       18.04187       17.76514       17.59869       17.64056       17.74924       17.66022       17.50046       17.49716       17.74411    
 1994   18.11783       18.28848       18.23026       18.04614       17.80093       17.63742       17.66888       17.75342       17.63016       17.46121       17.43921       17.71454    
 1995   18.07809       18.29364       18.26706       18.04965       17.82306       17.73090       17.78745       17.86703       17.72983       17.61575       17.59015       17.87848    
 1996   18.32684       18.59232       18.52402       18.27759       18.04901       17.91229       17.93246       17.95984       17.84409       17.70892       17.75735       18.10971    
 1997   18.63757       18.83035       18.69766       18.42776       18.15726       17.98984       18.05310       18.08371       17.97592       17.77646       17.75443       17.98373    
 1998   18.30341       18.53497       18.49728       18.26315       18.06873       17.93698       18.02695       18.10690       18.01431       17.83105       17.82050       18.11664    
 1999   18.58398       18.81619       18.69614       18.42007       18.15668       18.02777       18.05734       18.13458       17.98523       17.77066       17.77512       18.06131    
 2000   18.47617       18.67374       18.55872       18.36075       18.17462       18.10733       18.11591       18.14819       18.01987       17.85403       17.81897       18.08398    
 2001   18.50558       18.70572       18.61697       18.39981       18.15176       18.07449       18.15631       18.22244       18.13144       17.96658       17.91934       18.21387    
 2002   18.66028       18.84854       18.77872       18.49802       18.23889       18.18045       18.20691       18.27884       18.15714       17.97244       17.99240       18.27679    
 2003   18.66342       18.82498       18.76779       18.49960       18.28970       18.17456       18.22974       18.26575       18.06232       17.89377       17.84317       18.06882    
 2004   18.51276       18.70737       18.61469       18.41663       18.17520       18.05676       18.15399       18.22522       18.11823       17.95963       17.93170       18.17874    
 2005   18.57022       18.79071       18.73059       18.51816       18.28107       18.19949       18.27911       18.35464       18.20190       18.05048       18.08435       18.33328    
 2006   18.76398       18.98233       18.85092       18.60822       18.38126       18.29404       18.39386       18.40970       18.23029       18.05096       18.01376       18.23065    
 2007   18.63812       18.84427       18.77795       18.58127       18.36465       18.31949       18.39270       18.46494       18.31821       18.17236       18.12952       18.43121    
 2008   18.83170       19.02631       18.95279       18.69418       18.44577       18.34485       18.41226       18.45056       18.29636       18.12640       18.09344       18.35474    
 2009   18.80746       19.05807       18.99924       18.72534       18.52423       18.42557       18.42679       18.44604       18.26730       18.03619       17.98608       18.21155    
 2010   18.62344       18.84607       18.78876       18.58572       18.32321       18.19296       18.33536       18.40463       18.29343       18.09900       18.08356       18.36996    
 2011   18.78964       18.98715       18.92001       18.70901       18.50616       18.45190       18.53214       18.62540       18.47687       18.33725       18.27408       18.57727    
 2012   19.00204       19.26056       19.17703       18.94144       18.71500       18.60931       18.56360       18.57913       18.41855       18.15686       18.12653       18.38965    
 2013   18.79666       18.98032       18.90390       18.67001       18.44485       18.36133       18.44745       18.53180       18.36975       18.19095       18.15320       18.42700    
 2014   18.87119       19.10211       19.03220       18.79630       18.60611       18.53195       18.63477       18.65973       18.50412       18.32587       18.29327       18.54443    
 2015   19.02499       19.23547       19.18192       18.91956       18.69016       18.58893       18.64771       18.68121       18.51816       18.28729       18.23203       18.45621    
 2016   18.88446       19.13281       19.06741       18.79395       18.56955       18.43481       18.54337       18.63788       18.42868       18.25330       18.25250       18.50626    
 2017   18.88678       19.05792       18.97406       18.77951       18.56277       18.48669       18.60254       18.63467       18.46259       18.27283       18.25012       18.47125    
 2018   18.92697       19.13181       19.06070       18.83627       18.59680       18.48114       18.57602       18.61813       18.45773       18.29208       18.22797       18.48941    
 2019   18.96909       19.13794       19.08859       18.84503       18.64801       18.63495       18.75116       18.84171       18.65213       18.43875       18.34515       18.53629    
 2020   18.89035       19.09283       19.00287       18.79279       18.58997       18.51840       18.69220       18.76431       18.62723       18.39883       18.38361       18.65802    
 2021   19.11191       19.23016       19.13269       18.87946       18.60938       18.56052       18.65079       18.68710       18.55789       18.35895       18.34637       18.61969    
 2022   19.01489       19.18539       19.10648       18.88782       18.69922       18.59607       18.68457       18.73697       18.54651       18.33481       18.27676       18.55759    
 2023   18.96820       19.11411       19.03983       18.82437       18.60928       18.51193       18.62573       18.70825       18.58838       18.41110       18.36087       18.54337    
 2024   18.91467       19.17157       19.14407       18.93109       18.74243       18.69403       18.84500       18.92920       18.75531       18.59479       18.55051       18.82700    
 2025   19.28647       19.50214       19.34152       19.04095       18.80884       18.77139       18.86823       18.90060       18.70956       18.47861       18.37653       18.52905    
 2026   18.88651       19.08484       19.01944       18.81229       18.62671       18.59598       18.72330       18.80148       18.61948       18.44135       18.41187       18.61304    
 2027   18.96829       19.20303       19.09921       18.89197       18.68918       18.71994       18.88626       18.88739       18.71790       18.46219       18.40936       18.67532    
 2028   19.03125       19.24966       19.12527       18.91110       18.70627       18.66101       18.78033       18.86807       18.70752       18.51129       18.50592       18.77362    
 2029   19.21219       19.46692       19.35257       19.06998       18.85699       18.80640       18.93481       18.96826       18.73492       18.54279       18.48764       18.67700    
 2030   19.02542       19.14481       19.10175       18.86014       18.69287       18.63406       18.76837       18.85217       18.66910       18.47372       18.41409       18.67960    
 2031   19.06607       19.31979       19.23596       19.03110       18.82584       18.82578       18.89975       18.94458       18.75952       18.53546       18.47021       18.69931    
 2032   19.13092       19.37827       19.29144       19.04068       18.81342       18.77414       18.84314       18.92435       18.74075       18.51208       18.48721       18.73495    
 2033   19.11298       19.30310       19.22665       18.99728       18.83749       18.82257       18.91580       18.95004       18.78577       18.56293       18.45255       18.67441    
 2034   19.07068       19.34018       19.31293       19.09354       18.89038       18.86859       18.98761       19.05246       18.88660       18.65442       18.56445       18.82974    
 2035   19.30469       19.52945       19.42670       19.16989       18.95590       18.86157       18.95950       19.02460       18.83688       18.55389       18.42645       18.59323    
 2036   18.97989       19.09061       19.06668       18.88153       18.69476       18.66495       18.82928       18.93622       18.80707       18.64096       18.55154       18.76877    
 2037   19.14203       19.36957       19.31485       19.09283       18.89261       18.85455       18.91473       18.97995       18.79739       18.59384       18.54736       18.69086    
 2038   19.06146       19.31747       19.26178       19.05063       18.87579       18.88110       19.05212       19.12158       18.95172       18.75870       18.68701       18.95300    
 2039   19.36304       19.60986       19.51874       19.25690       19.07507       19.00958       19.11469       19.15579       18.94870       18.67081       18.58420       18.79840    
 2040   19.15564       19.35580       19.28531       19.10562       18.90442       18.85605       18.98129       19.03751       18.85834       18.62134       18.59146       18.79492    
 2041   19.18677       19.42990       19.38162       19.21573       19.04443       19.04196       19.14069       19.20737       19.04541       18.87006       18.87537       19.15219    
 2042   19.60626       19.82071       19.64789       19.38257       19.20840       19.11493       19.14465       19.16455       18.95245       18.70035       18.65530       18.84094    
 2043   19.22543       19.43890       19.39285       19.15549       18.94345       18.92361       19.05643       19.17111       18.97498       18.73199       18.71143       18.91559    
 2044   19.37512       19.58209       19.50870       19.21939       18.97922       18.96838       19.05054       19.13617       18.95795       18.76236       18.66174       18.87689    
 2045   19.23611       19.43680       19.38724       19.21494       19.03583       19.03433       19.18906       19.27148       19.09943       18.87006       18.79886       19.02188    
 2046   19.38675       19.60504       19.53726       19.31595       19.14249       19.11902       19.21552       19.25623       19.08029       18.84030       18.79123       19.06927    
 2047   19.52066       19.71652       19.60641       19.35352       19.15192       19.12155       19.28384       19.27463       19.13116       18.85657       18.80228       18.98624    
 2048   19.41479       19.63321       19.58679       19.33948       19.12775       19.12723       19.25284       19.32291       19.14471       18.90039       18.83615       19.06021    
 2049   19.47690       19.69687       19.61096       19.37741       19.19104       19.16183       19.29276       19.34537       19.17108       18.97534       18.92258       19.24506    
 2050   19.66977       19.90588       19.81680       19.54764       19.33469       19.27618       19.37866       19.42328       19.24561       18.98053       18.87161       19.00778    
 2051   19.33548       19.54919       19.55994       19.28784       19.14810       19.12946       19.26788       19.37527       19.21350       18.98108       18.91202       19.21320    
 2052   19.62631       19.81345       19.70667       19.46799       19.24344       19.27115       19.37692       19.47943       19.31396       19.09119       19.01492       19.31241    
 2053   19.72672       19.91321       19.85092       19.58731       19.41071       19.37451       19.46725       19.50143       19.31470       19.06714       19.02151       19.25681    
 2054   19.63318       19.82013       19.73120       19.50525       19.34656       19.31653       19.47290       19.51367       19.33420       19.08157       19.01691       19.24954    
 2055   19.62909       19.82401       19.76361       19.56982       19.38004       19.35071       19.48343       19.59470       19.38260       19.10831       19.05911       19.37311    
 2056   19.79495       19.93414       19.76230       19.49420       19.30533       19.23929       19.34747       19.43201       19.22363       18.98325       18.90771       19.11130    
 2057   19.48157       19.71475       19.62415       19.43771       19.27161       19.28058       19.44220       19.54611       19.35760       19.13629       19.01831       19.24567    
 2058   19.65570       19.83133       19.77509       19.56396       19.38174       19.34512       19.46875       19.51538       19.28564       19.05429       18.99814       19.22821    
 2059   19.59943       19.79953       19.71906       19.50778       19.29465       19.33215       19.48459       19.58499       19.37366       19.14908       19.03882       19.28067    
 2060   19.73700       19.96939       19.85803       19.57233       19.32556       19.30466       19.42490       19.49826       19.28824       19.08081       19.00217       19.16650    
 2061   19.53601       19.78668       19.73975       19.50003       19.34100       19.35806       19.52194       19.62039       19.38763       19.21838       19.18723       19.45062    
 2062   19.83569       20.05005       19.91803       19.69901       19.50568       19.44321       19.58484       19.60974       19.34271       19.10080       19.05026       19.20560    
 2063   19.53296       19.73145       19.69330       19.48843       19.34985       19.37952       19.48965       19.55954       19.41837       19.17627       19.06229       19.26068    
 2064   19.69162       19.94296       19.86276       19.66498       19.45071       19.43732       19.58124       19.65784       19.42694       19.15881       19.06982       19.25885    
 2065   19.69986       19.88699       19.79672       19.59970       19.42834       19.43704       19.58240       19.67551       19.46371       19.25052       19.19464       19.37244    
 2066   19.79532       19.99164       19.90866       19.68359       19.55240       19.57068       19.74194       19.81149       19.56351       19.35068       19.27670       19.42639    
 2067   19.78546       19.96356       19.87057       19.59250       19.38693       19.33066       19.54926       19.64893       19.41284       19.17871       19.12839       19.27884    
 2068   19.65433       19.90811       19.80188       19.59146       19.43973       19.43161       19.64264       19.72726       19.56006       19.34918       19.21027       19.44299    
 2069   19.87582       20.08170       20.01138       19.80789       19.65912       19.65198       19.79803       19.83719       19.62967       19.36212       19.25122       19.48611    
 2070   19.84598       20.01556       19.94519       19.74786       19.58209       19.61185       19.82285       19.88663       19.70145       19.51736       19.37158       19.58633    
 2071   19.95758       20.11047       20.08972       19.87311       19.70374       19.73685       19.95554       19.98990       19.76743       19.52576       19.43655       19.64780    
 2072   20.02985       20.23807       20.17572       19.95200       19.78046       19.82300       20.01547       20.09213       19.84808       19.56125       19.48737       19.72061    
 2073   20.15839       20.33728       20.19046       19.92639       19.73447       19.75684       19.97119       20.02466       19.81982       19.59213       19.48837       19.68936    
 2074   20.03220       20.21478       20.12915       19.91418       19.75070       19.77628       19.96182       20.04675       19.82376       19.54190       19.49872       19.67712    
 2075   20.01749       20.23691       20.16296       19.90509       19.70886       19.72809       19.91098       20.01907       19.76801       19.52283       19.43726       19.62845    
 2076   20.03473       20.27847       20.21887       19.96317       19.76840       19.80655       20.03146       20.09787       19.87930       19.62201       19.57538       19.84372    
 2077   20.20810       20.42538       20.28882       20.02133       19.82239       19.84491       19.98050       20.02707       19.86014       19.62173       19.53448       19.75034    
 2078   20.11755       20.30841       20.22235       19.95654       19.81723       19.84723       20.04218       20.15189       19.93594       19.66522       19.58636       19.78061    
 2079   20.16806       20.36389       20.31345       20.07773       19.94678       19.98682       20.10608       20.17694       19.97305       19.69086       19.58377       19.72858    
 2080   20.13275       20.28427       20.24414       20.04767       19.86948       19.92215       20.15842       20.21552       20.02127       19.77600       19.67224       19.86984    
 2081   20.21262       20.43451       20.37119       20.14011       19.94714       19.99918       20.19003       20.28604       20.06531       19.82571       19.73407       19.91635    
 2082   20.29791       20.47464       20.42459       20.18707       20.04550       20.09415       20.26004       20.36691       20.12515       19.88846       19.78278       20.00589    
 2083   20.36417       20.53281       20.40997       20.21381       20.07959       20.09439       20.23065       20.29294       20.07980       19.76901       19.67624       19.93195    
 2084   20.25458       20.45197       20.37302       20.14844       19.94983       20.00369       20.23492       20.33533       20.10065       19.84018       19.73679       19.92514    
 2085   20.30261       20.49725       20.38599       20.20932       20.06329       20.10135       20.27011       20.35162       20.14886       19.85342       19.73816       19.91696    
 2086   20.19785       20.36624       20.26230       20.07077       19.88983       19.93671       20.17203       20.27536       20.11926       19.84467       19.77438       19.92230    
 2087   20.23404       20.43643       20.39276       20.19296       20.07288       20.13065       20.35730       20.44125       20.19559       19.88663       19.83560       20.00345    
 2088   20.35007       20.52359       20.47723       20.26526       20.08740       20.12732       20.35693       20.44794       20.19412       19.91513       19.82626       20.06573    
 2089   20.45508       20.65070       20.55130       20.27039       20.10410       20.17056       20.37781       20.42145       20.21350       19.95383       19.81772       20.00711    
 2090   20.40567       20.57785       20.50620       20.26828       20.09735       20.21167       20.46371       20.51166       20.29059       20.02298       19.95264       20.19806    
 2091   20.63388       20.80392       20.73416       20.49734       20.35056       20.33499       20.44949       20.49283       20.24683       19.98172       19.84317       20.05435    
 2092   20.41183       20.55966       20.51395       20.31879       20.15445       20.21396       20.49078       20.59674       20.37524       20.13300       20.05130       20.26038    
 2093   20.59756       20.77814       20.72971       20.46091       20.25934       20.27597       20.46744       20.54425       20.24954       19.99179       19.89243       20.08820    
 2094   20.53229       20.70383       20.66476       20.45477       20.32062       20.35703       20.56390       20.64011       20.42130       20.11020       20.06058       20.24527    
 2095   20.58105       20.77417       20.71487       20.51154       20.37860       20.50461       20.67801       20.71863       20.47183       20.16501       20.07294       20.24048    
 2096   20.59464       20.75558       20.71121       20.47626       20.32111       20.35086       20.57159       20.70096       20.47665       20.18219       20.10590       20.34180    
 2097   20.77469       20.94623       20.79111       20.51648       20.35129       20.45731       20.61295       20.69742       20.43350       20.13519       20.01129       20.14624    
 2098   20.47330       20.64056       20.57642       20.36844       20.25388       20.31805       20.50504       20.62122       20.40671       20.15628       20.08765       20.26239    
 2099   20.68088       20.85587       20.76486       20.47940       20.32864       20.31372       20.49893       20.52567       20.26401       20.01691       19.89966       20.08551    
 2100   20.40244       20.64557       20.56653       20.36496       20.21506       20.28482       20.54022       20.60635       20.39059       20.16055       20.04892       20.20935    
