# using minimal fraction of valid points 30.00
# tas [K] from METRI  model output prepared for IPCC Fourth Assessment climate of the 20th Century experiment (20C3M) r4i0p0
# cutting out region lon=   -1.875  358.125, lat=  -88.999   88.999
 1860  -999.9000       284.4443       285.3796       286.6154       287.6137       288.1979       288.4954       288.3276       287.7570       286.7268       285.6363       284.8842    
 1861   284.6020       284.8189       285.5798       286.6631       287.6752       288.1387       288.4336       288.2348       287.6033       286.5691       285.4674       284.6447    
 1862   284.4561       284.8598       285.2373       286.3660       287.4415       288.0822       288.3409       288.2624       287.5548       286.5764       285.4810       284.5558    
 1863   284.3340       284.6106       285.4932       286.4360       287.5701       288.1537       288.4714       288.2877       287.6579       286.7271       285.6340       284.5823    
 1864   284.3771       284.5286       285.3292       286.4814       287.3544       288.0135       288.3022       288.1562       287.4773       286.4082       285.2489       284.5987    
 1865   284.3945       284.6158       285.6446       286.7099       287.7486       288.2144       288.5451       288.3887       287.7444       286.6474       285.6090       284.5731    
 1866   284.1803       284.4550       285.1299       286.5491       287.4543       287.9943       288.3709       288.1812       287.6256       286.6564       285.5413       284.8651    
 1867   284.3918       284.9274       285.4276       286.6845       287.5513       288.0653       288.3727       288.1773       287.5089       286.4155       285.4500       284.5558    
 1868   284.1478       284.4938       285.4089       286.4106       287.4060       288.0452       288.2471       288.1503       287.5197       286.5241       285.4379       284.6938    
 1869   284.5705       284.7025       285.5147       286.5003       287.5725       288.0539       288.4038       288.1954       287.5279       286.4904       285.4304       284.6449    
 1870   284.3340       284.4500       285.3485       286.4777       287.4097       288.0430       288.3388       288.2074       287.7221       286.7530       285.7818       285.1353    
 1871   284.8139       284.7795       285.5475       286.7244       287.7305       288.2634       288.4914       288.2885       287.5832       286.5027       285.3460       284.4218    
 1872   284.1181       284.3273       285.6821       286.5971       287.3858       288.1012       288.3114       288.1178       287.5477       286.5793       285.5656       285.0208    
 1873   284.6387       284.7495       285.8428       286.9434       287.7379       288.1731       288.3275       288.1208       287.5080       286.4496       285.4964       284.7263    
 1874   284.3894       284.6836       285.5385       286.3855       287.4557       288.2046       288.4662       288.2889       287.8137       286.8388       285.8994       285.1745    
 1875   284.5328       284.8640       285.7988       286.7899       287.6555       288.0964       288.2575       288.1067       287.4812       286.4937       285.3540       284.7441    
 1876   284.2321       284.8005       285.7076       286.6141       287.4553       287.9915       288.3446       288.1823       287.6888       286.6912       285.5827       285.0759    
 1877   284.5314       285.0233       285.7700       286.6039       287.5099       288.1680       288.4464       288.2655       287.8210       286.7841       285.8511       285.0328    
 1878   284.4240       284.7726       285.7008       286.7440       287.5781       288.3038       288.6040       288.4441       287.8451       286.8799       285.8168       284.8870    
 1879   284.7676       285.0470       285.4795       286.7886       287.5649       288.0491       288.3355       288.2562       287.6896       286.7320       285.5746       284.7574    
 1880   284.6440       284.7481       285.5988       286.5967       287.5638       288.1709       288.4763       288.2585       287.6542       286.6806       285.6720       284.9375    
 1881   284.6410       284.7804       285.7140       286.7627       287.6812       288.1786       288.4327       288.2176       287.6830       286.5876       285.5072       284.8769    
 1882   284.5131       284.6427       285.5838       286.5631       287.5206       288.1077       288.4611       288.3738       287.7952       286.6967       285.8655       285.0064    
 1883   284.7707       284.9840       285.5708       286.5308       287.3022       287.8752       288.2381       287.9835       287.3463       286.3106       285.1907       284.3625    
 1884   284.0843       284.2542       285.1700       286.3062       287.1651       287.7686       287.9459       287.8131       287.2346       286.0345       284.9484       284.1756    
 1885   283.6792       284.2975       285.3107       286.3595       287.2591       287.9472       288.2440       288.1494       287.4047       286.6083       285.4964       284.6208    
 1886   284.4265       284.7793       285.4617       286.3963       287.2514       287.7642       288.0044       287.9315       287.3152       286.3569       285.3295       284.3056    
 1887   284.3085       284.5758       285.3106       286.2365       287.3614       287.8679       288.1802       288.1420       287.4678       286.4680       285.4330       284.8174    
 1888   284.3868       284.7550       285.3175       286.4485       287.2085       287.6921       287.9514       287.6929       287.0542       286.0846       285.2444       284.3545    
 1889   283.9310       284.5862       285.2379       286.5062       287.3984       288.0846       288.3656       288.2722       287.6621       286.6508       285.8186       284.9990    
 1890   284.6383       284.9012       285.6261       286.5073       287.4228       287.9399       288.3086       288.1011       287.6578       286.6097       285.5927       284.6837    
 1891   284.3083       284.7013       285.5410       286.5924       287.6440       288.1783       288.4123       288.2320       287.5795       286.5159       285.4848       284.6863    
 1892   284.3628       284.6308       285.3889       286.3337       287.3521       288.0428       288.3946       288.3558       287.7176       286.7325       285.7455       284.9851    
 1893   284.5654       284.8117       285.5748       286.6255       287.5951       288.1899       288.5750       288.3611       287.5775       286.6161       285.4541       284.5143    
 1894   284.2762       284.4096       285.3287       286.5792       287.4816       288.0738       288.5553       288.5157       287.8779       286.8616       285.7461       284.9131    
 1895   284.4246       284.7547       285.5516       286.6508       287.5515       288.1026       288.5243       288.2963       287.5547       286.5281       285.3520       284.5841    
 1896   284.0686       284.3336       285.3089       286.3131       287.2769       287.9713       288.3406       288.2185       287.6678       286.7100       285.7019       284.8179    
 1897   284.6451       284.7823       285.7761       286.8281       287.7144       288.2798       288.5338       288.2817       287.6441       286.5974       285.4536       284.4920    
 1898   284.0689       284.4886       285.4063       286.5257       287.5899       288.1709       288.4803       288.3854       287.8856       286.7146       285.6178       284.8870    
 1899   284.5705       284.8487       285.6526       286.7328       287.6848       288.1569       288.4063       288.2224       287.6284       286.5345       285.3274       284.6487    
 1900   284.2836       284.6308       285.6437       286.5692       287.5607       288.1956       288.4429       288.3643       287.7255       286.7163       285.6118       284.7542    
 1901   284.3962       284.6678       285.4807       286.5569       287.5523       288.2344       288.4702       288.3714       287.7162       286.6297       285.5036       284.7892    
 1902   284.5101       284.6833       285.4998       286.5891       287.3986       287.9509       288.2383       288.0706       287.4113       286.3927       285.2141       284.1855    
 1903   284.0540       284.4394       285.1716       286.1787       287.1386       287.6967       287.9479       287.8893       287.3360       286.2151       285.2183       284.3799    
 1904   284.3545       284.5956       285.4002       286.5338       287.4890       288.1216       288.4235       288.2109       287.6100       286.5253       285.5413       284.7393    
 1905   284.2835       284.6794       285.5331       286.6337       287.5620       288.2171       288.5127       288.3470       287.6981       286.6042       285.5160       284.6712    
 1906   284.2493       284.2578       285.3831       286.5982       287.4773       288.0462       288.2699       288.0838       287.3026       286.2787       285.3706       284.2756    
 1907   284.0952       284.4876       285.2491       286.3301       287.4065       287.9988       288.3554       288.0352       287.4312       286.2827       285.2541       284.5503    
 1908   284.2808       284.6565       285.4476       286.5089       287.5202       288.0708       288.3422       288.1283       287.5723       286.4113       285.2276       284.5114    
 1909   283.9565       284.4078       285.1335       286.4513       287.3183       288.0007       288.3321       288.1996       287.7278       286.7275       285.7940       285.2463    
 1910   284.6614       284.7935       285.6620       286.8150       287.5824       288.1906       288.4069       288.2202       287.5789       286.6238       285.4884       284.4977    
 1911   284.1599       284.3708       285.4827       286.6762       287.6800       288.2267       288.5362       288.4200       287.7867       286.7503       285.7702       284.9219    
 1912   284.7010       284.8751       285.6190       286.6569       287.5635       288.1757       288.3200       288.1173       287.4583       286.3043       285.2173       284.4262    
 1913   284.1592       284.4384       285.3043       286.4447       287.4169       287.9742       288.3157       288.1651       287.4928       286.4471       285.4107       284.5537    
 1914   284.6314       284.6975       285.5853       286.5467       287.3495       287.8344       288.1448       288.0016       287.2810       286.2041       285.2009       284.3466    
 1915   284.0424       284.5170       285.3334       286.3859       287.2491       287.8511       288.1918       288.1033       287.6094       286.6349       285.4783       284.8899    
 1916   284.4552       284.8297       285.4479       286.6010       287.5693       288.0887       288.3510       288.1400       287.4976       286.4257       285.3049       284.5185    
 1917   284.1843       284.8257       285.5795       286.6144       287.5644       288.1207       288.4136       288.2962       287.6541       286.7107       285.6180       284.8166    
 1918   284.3648       284.6671       285.5821       286.7946       287.6523       288.1517       288.4799       288.3054       287.6395       286.6399       285.6841       284.8307    
 1919   284.3414       284.7271       285.5707       286.6039       287.4928       288.2258       288.5089       288.3740       287.8161       286.7878       285.7778       285.1718    
 1920   284.7979       285.1382       285.8217       286.7508       287.6075       288.0605       288.3495       288.1029       287.3946       286.5459       285.3860       284.4907    
 1921   284.1374       284.4982       285.4280       286.6738       287.6150       288.2272       288.6387       288.4918       287.9472       287.0948       286.0487       285.3254    
 1922   284.8300       284.9073       285.6216       286.8527       287.6523       288.2189       288.5008       288.3881       287.5696       286.5003       285.6493       284.9158    
 1923   284.4901       284.5971       285.4974       286.5634       287.4925       288.2237       288.5397       288.3962       287.7370       286.8732       285.7897       284.9219    
 1924   284.4950       284.8437       285.7167       286.8775       287.7746       288.2666       288.5244       288.4169       287.7066       286.6214       285.5413       284.6396    
 1925   284.4997       284.7261       285.5612       286.7030       287.6714       288.1587       288.4958       288.4752       287.8957       286.9103       285.9050       285.1346    
 1926   284.6085       284.9778       285.8785       286.9162       287.7398       288.1260       288.3652       288.2426       287.6283       286.5925       285.5105       284.6865    
 1927   284.6109       284.9412       285.7736       286.7684       287.5206       288.2241       288.4883       288.2816       287.6905       286.6920       285.5421       284.8601    
 1928   284.5126       284.8302       285.6563       286.5550       287.6497       288.1880       288.5955       288.5229       287.8916       286.8544       285.8529       285.3147    
 1929   285.0732       285.5162       286.0157       286.9815       287.7948       288.3909       288.5561       288.3733       287.7556       286.7460       285.5927       284.8323    
 1930   284.7152       284.9847       285.7738       286.6979       287.6281       288.3077       288.6101       288.4893       287.9067       286.8180       285.8696       284.8951    
 1931   284.7197       285.0072       285.7484       286.9005       287.8603       288.3980       288.7473       288.6028       287.9954       286.9382       286.0104       285.2120    
 1932   284.7622       285.2147       285.7355       286.7015       287.6368       288.2585       288.5352       288.4032       287.6829       286.8128       285.7561       284.8910    
 1933   284.6170       284.8249       285.6570       286.6820       287.5517       288.2573       288.5602       288.3852       287.7443       286.7593       285.8255       284.9083    
 1934   284.6535       284.9762       285.9199       286.7596       287.7148       288.3370       288.5749       288.5145       287.8146       286.7758       285.7980       284.9985    
 1935   284.6289       284.7024       285.6723       286.7824       287.7603       288.3780       288.6780       288.4868       287.8649       286.8798       285.9212       284.8889    
 1936   284.4026       284.6267       285.5388       286.6655       287.6884       288.3124       288.6007       288.4778       287.7602       286.6460       285.4838       284.5683    
 1937   284.3128       284.6148       285.3712       286.6593       287.5837       288.1847       288.5237       288.3952       287.7518       286.8084       285.8869       284.8499    
 1938   284.8168       284.9502       285.6168       286.7971       287.6683       288.2219       288.2998       288.2787       287.6357       286.5522       285.6025       284.5422    
 1939   284.2621       284.8224       285.5565       286.7859       287.6832       288.2596       288.5217       288.4106       287.7578       286.6148       285.7535       285.0894    
 1940   284.6515       285.0817       285.6143       286.8634       287.8736       288.4171       288.7449       288.6231       287.9555       287.0576       285.8885       285.0665    
 1941   284.6765       284.8495       285.8007       286.8629       287.8004       288.3827       288.6156       288.4343       287.7982       286.7486       285.6525       284.7246    
 1942   284.3401       284.5556       285.7440       286.7204       287.6459       288.2280       288.5015       288.5124       287.8513       286.9297       285.9236       285.1831    
 1943   284.8669       285.0419       285.7961       287.0190       287.7592       288.3871       288.6642       288.5106       287.8137       286.6719       285.6537       284.8056    
 1944   284.4043       284.7673       285.6725       286.7666       287.6007       288.1617       288.5561       288.3549       287.7004       286.7858       285.7688       284.9748    
 1945   284.8617       284.9558       285.6190       286.6395       287.7304       288.2053       288.3644       288.2339       287.5235       286.5276       285.4672       284.7031    
 1946   284.3816       284.9273       285.6257       286.7569       287.6980       288.2386       288.5044       288.4173       287.9027       286.8911       285.7336       285.0146    
 1947   284.8213       285.2543       285.7803       286.8615       287.9157       288.4349       288.7927       288.6341       288.1008       287.1070       286.0347       285.2875    
 1948   284.9063       285.1498       285.9039       286.9760       287.8962       288.3874       288.6529       288.5166       287.7116       286.7912       285.6080       284.8067    
 1949   284.5200       284.8739       285.8981       286.8793       287.8055       288.3722       288.8865       288.8170       288.1551       287.1636       286.0231       285.4267    
 1950   284.9887       285.1049       285.7080       286.9668       287.9057       288.4470       288.7420       288.5040       287.8783       286.8069       285.7253       284.8751    
 1951   284.5102       284.8945       285.7490       286.9144       287.7760       288.4128       288.6826       288.6939       288.0416       287.0211       285.9285       285.0282    
 1952   284.8059       285.0924       285.7526       286.8975       287.8268       288.3787       288.6809       288.6026       288.0261       287.0059       285.9179       285.1514    
 1953   285.0098       285.1982       286.1825       287.2876       287.9799       288.4091       288.7138       288.4460       287.7313       286.6078       285.5891       284.9168    
 1954   284.4693       284.9492       285.7786       286.6373       287.7628       288.3492       288.6469       288.4511       287.8914       286.9414       285.9977       285.4396    
 1955   285.1470       285.1892       285.9714       286.8826       287.8382       288.2944       288.5554       288.3825       287.7863       286.8253       285.6805       285.1984    
 1956   284.9181       285.2303       285.7409       286.9125       287.7450       288.4366       288.7631       288.4669       287.9117       286.9663       285.9964       285.2944    
 1957   284.9614       285.4819       286.1503       287.2611       288.0302       288.5776       288.8320       288.6957       287.9649       286.8791       285.7621       285.0392    
 1958   284.8249       284.8223       285.6145       286.8450       287.8468       288.3194       288.6103       288.4546       287.8510       286.7314       285.7081       284.8044    
 1959   284.3922       284.9760       285.7585       286.8549       287.8590       288.2773       288.6757       288.4866       287.8902       287.0130       285.9872       285.1749    
 1960   284.7983       285.2083       285.9484       287.0016       287.9570       288.4588       288.8352       288.5972       287.9252       286.8736       285.8178       284.8283    
 1961   284.6670       284.7974       285.7961       286.9483       287.6855       288.2975       288.7629       288.6126       288.0062       287.1252       285.9338       285.1783    
 1962   285.0967       285.1176       285.9068       286.9658       287.9363       288.3983       288.7265       288.5670       287.8477       286.8014       285.7353       284.8975    
 1963   284.4576       284.6710       285.7163       286.8360       287.7751       288.4618       288.7266       288.4793       287.8492       286.7688       285.7466       284.8193    
 1964   284.4105       284.7971       285.5833       286.7042       287.6841       288.2385       288.3629       288.3500       287.6285       286.5931       285.5769       284.7575    
 1965   284.4439       284.7170       285.4230       286.6599       287.5294       288.2008       288.5193       288.2887       287.6407       286.6989       285.6092       284.8644    
 1966   284.5460       284.5935       285.8383       286.7106       287.6334       288.1216       288.4076       288.2201       287.6171       286.4969       285.3589       284.5956    
 1967   284.4790       284.7182       285.5761       286.6653       287.6763       288.2838       288.5376       288.4059       287.8231       286.7236       285.7254       285.0774    
 1968   284.5864       285.1454       285.9796       286.8087       287.7601       288.3509       288.5226       288.3159       287.7148       286.6217       285.4559       284.8694    
 1969   284.5482       284.9480       285.8359       286.8630       287.7404       288.4285       288.6836       288.5843       287.9076       287.0282       285.8570       284.9745    
 1970   284.8407       285.0897       285.7252       286.8337       287.7215       288.2803       288.5154       288.2586       287.6938       286.6097       285.6174       284.7238    
 1971   284.3632       284.8209       285.6778       286.8396       287.6378       288.2093       288.5011       288.4343       287.8384       286.9074       285.7599       284.9958    
 1972   284.7532       285.0524       285.8253       286.9815       287.7202       288.3470       288.5908       288.5109       287.9353       286.9983       286.0237       285.1500    
 1973   284.7509       285.1464       285.9765       287.1861       287.8101       288.5138       288.8870       288.6743       288.0527       287.0132       286.0261       285.0594    
 1974   284.7846       285.0805       286.0276       287.0326       287.7987       288.4161       288.6872       288.4022       287.7351       286.6696       285.5813       284.8324    
 1975   284.5930       285.0012       285.6581       286.7470       287.8178       288.3588       288.5607       288.4190       287.7654       286.7738       285.7105       285.1160    
 1976   284.7453       284.6867       285.7226       286.6183       287.5893       288.1736       288.5105       288.5059       287.8210       286.8099       285.6625       284.9884    
 1977   284.7729       285.1260       285.8609       286.8307       287.7815       288.3589       288.5919       288.4378       287.8408       286.7828       285.8293       285.0177    
 1978   284.7521       284.9065       285.8019       286.9131       287.8270       288.5607       288.9015       288.7523       288.1407       287.1266       286.2110       285.2265    
 1979   284.9172       285.2644       286.1790       287.0946       288.0212       288.5269       288.8171       288.6486       288.0109       286.9198       285.8074       284.7769    
 1980   284.4868       284.5715       285.4180       286.7411       287.7981       288.4255       288.6967       288.5830       288.0135       287.0307       286.0319       285.2760    
 1981   284.9189       285.2629       286.0420       287.1805       287.9291       288.6020       288.7431       288.5347       287.9936       286.8946       285.9555       285.0088    
 1982   284.7440       284.8848       285.7465       287.0474       288.0552       288.5328       288.8268       288.6237       288.0321       287.1069       286.0446       285.1301    
 1983   284.6979       285.1552       285.7637       286.8185       287.6841       288.2916       288.5237       288.3551       287.7407       286.6372       285.4730       284.7513    
 1984   284.6697       284.9760       285.8504       287.0790       287.9013       288.5176       288.8291       288.6425       288.0548       287.1111       285.8641       285.3090    
 1985   284.8929       285.1751       285.9631       287.0043       287.9347       288.5465       288.7525       288.6415       288.0244       286.9677       285.9348       285.0568    
 1986   284.8868       285.1997       285.8637       287.0414       287.9964       288.5959       288.9503       288.8032       288.1140       287.1183       286.0717       285.4273    
 1987   284.9954       285.1227       286.0918       287.1384       287.9787       288.6545       288.8990       288.7978       288.1239       287.1345       285.8495       285.2187    
 1988   284.6409       284.8625       285.8398       286.9756       287.9535       288.5329       288.9251       288.8253       288.1252       287.1877       285.9763       285.3851    
 1989   285.3091       285.5320       286.1166       287.1084       288.0926       288.6391       288.8832       288.7149       288.0774       287.0199       285.9909       285.3463    
 1990   284.8316       285.3207       285.9185       287.0311       287.9985       288.6035       288.8412       288.7787       288.1665       287.1866       286.2546       285.3891    
 1991   285.1622       285.4168       285.9664       287.1738       288.1254       288.4989       288.6499       288.5797       287.8407       287.0357       285.8353       285.0407    
 1992   284.5130       284.8445       285.6034       286.8360       287.7958       288.3583       288.6868       288.5600       287.8626       286.7556       285.7850       284.7740    
 1993   284.4019       284.7666       285.7491       286.9639       287.8179       288.3987       288.6499       288.5163       287.8706       286.7572       285.8050       285.1572    
 1994   285.0188       285.2446       285.9487       287.1015       287.9839       288.4691       288.8251       288.5834       287.9213       286.9511       285.8007       284.8481    
 1995   284.5899       284.8986       285.7814       286.9200       287.9149       288.4840       288.6983       288.5724       287.9338       287.1182       285.9617       285.4364    
 1996   285.1984       285.4305       285.9643       287.1995       288.1630       288.7159       288.9314       288.8008       287.9992       287.0788       286.1433       285.2042    
 1997   284.8904       285.1324       286.0233       287.2834       288.0989       288.5961       288.8684       288.7329       288.1892       287.2767       286.2494       285.3757    
 1998   285.0633       285.2846       286.0684       287.1431       287.9443       288.5125       288.8619       288.6647       288.1636       287.2727       286.3063       285.5944    
 1999   285.3828       285.6895       286.2294       287.2404       288.1549       288.5096       288.8037       288.5609       287.9768       287.0005       285.9391       284.9957    
 2000   284.8133       285.1192       285.8489       287.0895       287.9722       288.5555       288.8864       288.8554       288.3344       287.3181       286.2717       285.4878    
