# using minimal fraction of valid points 30.00
# tas [K] from NASA/GISS  model output prepared for IPCC Fourth Assessment climate of the 20th Century experiment (20C3M) r6i0p0
# cutting out region lon=    0.000  360.000, lat=  -90.000   90.000
 1880   285.0205       285.3641       286.1357       287.1397       287.8541       288.6107       289.0642       289.0657       287.9667       286.5337       285.5253       285.0600    
 1881   285.0689       285.3846       286.1085       287.0534       287.9066       288.6629       289.1078       288.9966       288.1685       286.6272       285.6574       285.3035    
 1882   285.3050       285.6148       286.4175       287.0988       287.9084       288.6992       289.2300       289.2126       288.1124       286.6572       285.5573       285.0504    
 1883   285.2178       285.4899       286.2217       287.1856       287.9073       288.8060       289.1885       289.0978       288.0136       286.5427       285.3064       284.8303    
 1884   284.8550       285.1027       285.9599       286.9325       287.5962       288.2209       288.6801       288.5777       287.5457       286.0261       284.9274       284.5653    
 1885   284.4193       284.8507       285.7492       286.6168       287.4866       288.2247       288.6719       288.6588       287.6401       286.2189       285.1385       284.9326    
 1886   284.8943       285.1422       285.8430       286.7813       287.6918       288.4145       288.8583       288.7354       287.7072       286.2912       285.2696       284.6886    
 1887   284.8013       285.0374       285.8665       286.7709       287.6623       288.2357       288.6031       288.7583       287.7705       286.2177       285.1840       284.7340    
 1888   285.0064       285.2116       285.9299       286.9298       287.7901       288.4043       289.0139       288.9419       287.9040       286.3133       285.2979       284.8766    
 1889   285.0689       285.5818       286.1077       286.8099       287.8122       288.5073       288.9064       288.7774       287.8684       286.3227       285.4105       284.9187    
 1890   284.9390       285.4509       285.8994       286.7547       287.4950       288.2607       288.7801       288.7537       287.8006       286.2221       285.0109       284.5155    
 1891   284.9152       285.1457       285.7046       286.9219       287.6805       288.4294       288.9120       288.8342       287.7888       286.3730       285.1270       284.6527    
 1892   284.8841       285.3259       285.9021       287.0150       287.6383       288.4417       288.8976       288.8331       287.8730       286.4190       285.3229       284.8425    
 1893   284.9600       285.3176       286.0102       286.9406       287.7894       288.6093       289.1251       289.0384       287.9662       286.4897       285.2982       284.8705    
 1894   284.9710       285.2064       286.0352       286.8986       287.8863       288.6184       289.0616       289.0852       287.9776       286.5074       285.3325       285.1551    
 1895   285.1726       285.3248       285.9476       286.9205       287.7694       288.5812       289.0792       288.8944       287.9889       286.5730       285.3840       285.0153    
 1896   285.0132       285.5322       286.1179       287.0856       287.8370       288.6067       289.1075       289.0489       287.8893       286.4595       285.4154       284.9237    
 1897   285.0694       285.4663       286.2010       287.0615       288.0670       288.6635       289.1091       289.0053       288.0216       286.5473       285.5349       284.9693    
 1898   284.9954       285.3977       286.1003       286.8477       287.7723       288.6447       289.0139       289.0930       287.9332       286.4855       285.2988       284.9053    
 1899   284.9216       285.2338       286.2621       287.0419       287.8742       288.6811       289.0740       288.9828       288.0363       286.5020       285.2633       284.9303    
 1900   285.0190       285.3369       286.1853       287.0053       287.9252       288.6830       289.2686       289.1416       288.1032       286.5171       285.3901       284.8834    
 1901   284.9822       285.3658       286.1074       287.0752       287.9699       288.7355       289.1868       289.0566       288.0790       286.6129       285.5471       285.1066    
 1902   285.1402       285.4391       286.0596       286.8742       287.8200       288.6224       289.1701       289.1203       288.0530       286.6201       285.5065       285.0211    
 1903   285.2367       285.3997       286.0333       286.9304       287.7597       288.4398       289.0292       288.8343       287.8417       286.4418       285.3135       284.9431    
 1904   284.9866       285.1465       286.0764       286.9843       287.7985       288.4660       288.9174       288.9973       287.9511       286.4426       285.3112       285.0046    
 1905   285.1768       285.5118       286.0703       286.9727       287.8128       288.4493       289.0752       288.9529       288.0102       286.4118       285.4846       284.8940    
 1906   285.0177       285.5009       285.9726       287.2355       287.8591       288.5386       289.1650       289.1209       288.0305       286.6971       285.5132       285.1003    
 1907   285.2333       285.5250       286.2580       287.1737       288.0239       288.6731       289.0615       289.1284       288.0498       286.5028       285.5336       285.0805    
 1908   285.1383       285.5500       286.1737       287.0946       287.9334       288.6604       289.1472       289.0197       288.0406       286.5707       285.5132       284.9183    
 1909   285.0572       285.4610       286.3676       287.2737       287.8836       288.6452       289.1758       289.0090       288.0804       286.6535       285.6237       285.1178    
 1910   285.2039       285.5722       286.1939       287.0698       288.0051       288.7627       289.3234       289.1869       288.1297       286.6625       285.6129       285.2052    
 1911   285.2602       285.4224       286.1527       286.8892       287.8926       288.7009       289.2103       289.2187       288.0645       286.5432       285.3638       285.0347    
 1912   285.2389       285.4239       286.0616       287.0985       287.8403       288.6361       289.1150       288.9422       287.9652       286.5193       285.5393       284.9754    
 1913   285.1295       285.7064       286.2684       287.1835       287.9142       288.5428       288.9092       289.0092       287.9219       286.4184       285.3216       285.0265    
 1914   284.9622       285.4463       286.2273       287.0219       287.8703       288.5744       289.1314       288.9984       288.0821       286.5288       285.5923       285.0239    
 1915   285.1203       285.5034       286.2646       287.0986       287.9858       288.7524       289.1545       289.0971       288.1138       286.5861       285.6129       285.1974    
 1916   285.2568       285.4078       286.1346       287.1060       287.9871       288.7676       289.2542       289.0574       288.0794       286.5668       285.5200       285.0232    
 1917   285.1033       285.5895       286.0805       287.0123       287.8856       288.6832       289.2921       289.1189       288.0347       286.5235       285.5553       285.1994    
 1918   285.3356       285.5505       286.2195       287.1956       288.1122       288.7018       289.0421       289.0794       288.1097       286.5765       285.3797       285.0023    
 1919   285.0102       285.3972       286.0516       287.0069       287.9326       288.6274       289.0223       289.0408       287.9099       286.6408       285.4679       285.0107    
 1920   285.1080       285.4314       286.2297       287.1128       287.9028       288.7148       289.0518       289.0009       287.9745       286.5436       285.5318       285.0875    
 1921   285.1617       285.5328       286.1928       286.9343       287.9165       288.6308       289.1092       288.9789       288.0154       286.5674       285.4698       285.1197    
 1922   285.2037       285.5323       286.1286       287.1663       287.9295       288.8190       289.2719       289.0276       288.0822       286.6353       285.6159       285.0767    
 1923   285.1318       285.4102       286.1931       287.0485       287.9538       288.7306       289.1966       289.2226       288.2315       286.5204       285.5090       285.0513    
 1924   284.9598       285.3907       286.2419       287.1250       288.0377       288.7339       289.3378       289.2756       288.1975       286.7567       285.5230       285.1349    
 1925   285.1467       285.6536       286.2762       287.1098       288.1314       288.7972       289.3845       289.2975       288.1980       286.7158       285.6128       285.2297    
 1926   285.1669       285.6217       286.3418       287.0599       288.0450       288.7725       289.2791       289.1941       288.1060       286.6664       285.6043       285.3119    
 1927   285.0471       285.6466       286.0606       287.0790       287.9543       288.7477       289.2588       289.2068       288.2182       286.7374       285.5865       285.0838    
 1928   285.2267       285.7241       286.2163       287.1105       287.9712       288.7593       289.2270       289.1666       288.0718       286.6167       285.6008       285.2184    
 1929   285.0578       285.5325       286.1215       287.0696       287.8748       288.6977       289.1689       289.2545       288.0627       286.6969       285.6052       285.2357    
 1930   285.3084       285.6883       286.3437       287.2559       288.0209       288.8284       289.2137       289.1578       288.2191       286.7754       285.6709       285.4255    
 1931   285.3774       285.6456       286.4391       287.1588       287.9977       288.6993       289.2320       289.1497       288.2239       286.7354       285.6660       285.2090    
 1932   285.0859       285.6013       286.2491       287.2126       287.9966       288.8006       289.3137       289.2141       288.2162       286.7053       285.7303       285.2379    
 1933   285.4059       285.6849       286.3794       287.3123       288.0779       288.7722       289.2606       289.2194       288.0856       286.6964       285.5367       285.2582    
 1934   285.2314       285.7277       286.0914       287.0489       287.8678       288.8515       289.2407       289.1102       288.2321       286.7416       285.5656       285.1747    
 1935   285.2521       285.6676       286.3191       287.1614       288.0396       288.8128       289.3072       289.2073       288.1787       286.7043       285.5353       285.1754    
 1936   285.3924       285.6164       286.2648       287.3280       288.1380       288.7686       289.2043       289.2848       288.2394       286.7657       285.8197       285.2229    
 1937   285.4989       285.6447       286.3571       287.3776       288.1768       288.9539       289.3411       289.1987       288.2429       286.8176       285.6842       285.2003    
 1938   285.3137       285.6886       286.4140       287.0682       288.1116       288.8892       289.4006       289.2386       288.3176       286.8256       285.8233       285.2516    
 1939   285.4603       285.9302       286.3994       287.2595       288.1130       288.9230       289.2922       289.2612       288.1862       286.7528       285.8021       285.3944    
 1940   285.2389       285.5995       286.3739       287.2943       288.1234       288.8522       289.2983       289.1864       288.1954       286.6569       285.6287       284.9932    
 1941   285.2933       285.5767       286.4356       287.3680       288.1189       288.9665       289.3383       289.3292       288.1766       286.7765       285.6379       285.1267    
 1942   285.1850       285.4083       286.2773       287.3169       288.1522       288.6971       289.1553       289.1379       288.1720       286.7112       285.4844       285.1919    
 1943   285.2867       285.7196       286.3618       287.3030       288.0093       288.6330       289.2448       289.1332       288.1979       286.8150       285.6961       285.2093    
 1944   285.3354       285.6945       286.2065       287.1119       288.0272       288.7467       289.1651       289.0929       288.1513       286.7495       285.7032       285.1972    
 1945   285.3646       285.6892       286.3259       287.2194       288.1009       288.7626       289.2249       289.2635       288.1169       286.7755       285.6839       285.3080    
 1946   285.2375       285.7038       286.3575       287.2436       288.1279       288.8228       289.2831       289.1331       288.2523       286.7846       285.7800       285.3549    
 1947   285.3123       285.6392       286.3126       287.2152       288.0193       288.7916       289.2260       289.2143       288.2395       286.7796       285.6227       285.2881    
 1948   285.4473       285.9014       286.3818       287.4075       288.1290       288.9868       289.2553       289.1453       288.1708       286.5695       285.7100       285.1883    
 1949   284.9711       285.5485       286.3639       287.2358       288.0441       288.7977       289.3676       289.3279       288.2539       286.7941       285.8802       285.2811    
 1950   285.5359       285.7985       286.3572       287.1995       288.1769       288.9190       289.3168       289.2935       288.2463       286.6683       285.6387       285.0533    
 1951   285.1971       285.6278       286.1469       287.3598       288.2865       288.7998       289.2741       289.2653       288.2120       286.7893       285.7586       285.3096    
 1952   285.3440       285.7610       286.4751       287.2485       288.0083       288.7602       289.3259       289.2572       288.1933       286.7661       285.7652       285.4361    
 1953   285.5467       285.9072       286.5200       287.4175       288.2327       288.8704       289.3057       289.2428       288.2083       286.6542       285.7050       285.4429    
 1954   285.3782       285.7182       286.1418       287.2958       288.1295       288.8200       289.4491       289.2678       288.3290       286.8852       285.7966       285.2423    
 1955   285.3665       285.6019       286.3847       287.1620       288.0939       288.8684       289.2531       289.2061       288.3448       286.7870       285.6311       285.2521    
 1956   285.2709       285.5269       286.3421       287.2113       288.0587       288.7798       289.2881       289.2227       288.2264       286.8470       285.6353       285.2617    
 1957   285.1521       285.6375       286.5222       287.3286       288.1704       288.8821       289.2904       289.2631       288.1729       286.8693       285.8665       285.4447    
 1958   285.5409       285.9814       286.5818       287.4778       288.2480       288.9913       289.3966       289.2325       288.2941       286.8452       285.7684       285.2910    
 1959   285.5295       285.8636       286.4243       287.4104       288.1227       288.7112       289.1507       289.2077       288.1880       286.6941       285.7528       285.4120    
 1960   285.3039       285.8585       286.4957       287.3061       288.1549       288.9397       289.3296       289.2452       288.2815       286.8199       285.8782       285.2157    
 1961   285.4299       285.7606       286.3437       287.3446       288.2465       288.9637       289.3413       289.2339       288.2303       286.8340       285.5056       285.1313    
 1962   285.0714       285.6276       286.2747       287.2260       288.0078       288.7954       289.2419       289.1305       288.1332       286.7251       285.5637       285.1187    
 1963   285.2424       285.3791       286.3162       287.0944       288.0174       288.5787       289.1691       289.1204       288.0202       286.6609       285.4641       285.0022    
 1964   285.0839       285.5214       286.1570       287.1137       287.9849       288.6494       289.0976       288.9381       288.0905       286.6691       285.4127       284.9202    
 1965   285.2191       285.5067       286.2057       286.9093       287.8820       288.6643       289.0667       289.0187       288.0517       286.5294       285.4015       285.0232    
 1966   284.7570       285.3171       286.0698       287.0993       287.9117       288.6418       289.1010       288.9992       287.9773       286.5776       285.5086       285.3828    
 1967   285.2958       285.7524       286.2952       287.1375       287.9355       288.5785       289.1772       289.0623       288.0141       286.5394       285.5883       285.0954    
 1968   285.1042       285.5482       286.1570       287.0687       287.9999       288.6527       289.2220       289.1743       288.0310       286.5522       285.5341       285.0081    
 1969   285.0809       285.4105       286.3323       287.1975       287.9255       288.6651       289.1895       289.1454       288.1789       286.6440       285.5692       285.0826    
 1970   285.2192       285.7881       286.3149       287.3362       288.1894       288.8472       289.3781       289.2597       288.2532       286.6956       285.6618       285.2549    
 1971   285.1812       285.6234       286.2367       287.1219       288.0904       288.8306       289.3335       289.2379       288.1455       286.8099       285.8256       285.2213    
 1972   285.2010       285.6475       286.4837       287.4848       288.2204       288.8758       289.3518       289.2615       288.2957       286.8782       285.8470       285.2616    
 1973   285.3891       285.7378       286.1618       287.2360       288.2023       288.9050       289.3653       289.2789       288.2368       286.7762       285.6360       285.3393    
 1974   285.3419       285.6049       286.4214       287.4593       288.2138       288.8835       289.3713       289.3455       288.2575       286.7482       285.7726       285.2346    
 1975   285.2234       285.6775       286.3666       287.1659       288.0914       288.7337       289.2581       289.0913       288.2513       286.8500       285.7173       285.3835    
 1976   285.3438       285.7176       286.4061       287.4201       288.2616       288.9165       289.4785       289.2810       288.2268       286.7342       285.7324       285.3958    
 1977   285.4269       285.8339       286.2048       287.1810       288.1669       288.9069       289.2943       289.3105       288.1857       286.8550       285.9893       285.3344    
 1978   285.3867       285.6552       286.3615       287.3639       288.1334       288.9612       289.3773       289.3361       288.3253       286.8968       286.0616       285.5328    
 1979   285.2667       285.8490       286.3621       287.3262       288.2025       288.9560       289.2612       289.2355       288.2667       286.8666       285.7787       285.3755    
 1980   285.5790       285.8977       286.4416       287.4536       288.2373       289.0073       289.5005       289.2935       288.3499       286.8011       285.8197       285.3860    
 1981   285.3713       285.7503       286.4688       287.4053       288.2574       289.0235       289.4867       289.3533       288.3752       286.9961       286.0312       285.5088    
 1982   285.7299       286.0255       286.6967       287.6064       288.4254       288.9552       289.4472       289.3313       288.3242       286.6803       285.6524       285.2913    
 1983   285.3628       285.5489       286.2779       287.3363       288.1723       288.7519       289.2680       289.1588       288.2209       286.8139       285.8549       285.3964    
 1984   285.5113       285.6037       286.6660       287.5573       288.2628       288.9530       289.5057       289.3331       288.4055       286.9286       285.7709       285.2499    
 1985   285.3997       285.7446       286.5591       287.4001       288.4813       289.0489       289.5135       289.2861       288.4043       286.9112       285.7733       285.3513    
 1986   285.4596       285.8608       286.2895       287.3678       288.1405       288.9532       289.4773       289.2304       288.3319       286.8831       285.8941       285.3561    
 1987   285.5268       285.7588       286.4956       287.4731       288.2608       288.9867       289.5053       289.4209       288.3488       286.8435       285.8715       285.4145    
 1988   285.4595       285.7506       286.4659       287.4227       288.2314       288.9766       289.4386       289.3570       288.4395       286.9137       285.8354       285.4218    
 1989   285.5927       285.9257       286.4086       287.4894       288.3175       288.9539       289.5814       289.4598       288.4687       286.9464       285.9035       285.4713    
 1990   285.5195       285.8294       286.6563       287.5232       288.3684       289.1063       289.5541       289.4249       288.4221       286.9329       285.9769       285.6353    
 1991   285.6196       285.9185       286.5906       287.5695       288.3999       288.9722       289.4658       289.4663       288.4133       286.9793       285.7898       285.4504    
 1992   285.1913       285.5636       286.4227       287.3588       288.1002       288.8083       289.3185       289.1331       288.1589       286.7643       285.7742       285.2859    
 1993   285.2546       285.6873       286.5737       287.3430       288.1894       288.9872       289.4933       289.4069       288.2644       286.8800       285.8278       285.4772    
 1994   285.5808       285.9109       286.4296       287.4073       288.1489       288.8235       289.4000       289.4289       288.3348       286.9869       286.0181       285.3755    
 1995   285.4705       285.8069       286.4857       287.7693       288.4639       289.2655       289.6738       289.5161       288.4883       287.0648       285.9595       285.5417    
 1996   285.5959       286.0211       286.5413       287.4641       288.3505       289.1321       289.6793       289.5012       288.5461       287.0913       285.9995       285.6880    
 1997   285.5982       285.9266       286.5577       287.6331       288.4073       289.1983       289.7148       289.5771       288.6771       287.1212       286.1128       285.5836    
 1998   285.7310       286.0286       286.6600       287.6265       288.5113       289.1357       289.6646       289.5641       288.6387       287.1136       286.0514       285.4415    
 1999   285.5731       286.0248       286.5698       287.5439       288.4439       289.2439       289.6309       289.5931       288.5340       287.2154       286.1953       285.8123    
 2000   285.7053       286.1642       286.8040       287.5782       288.4298       289.3852       289.8089       289.7318       288.7282       287.3782       286.4208       285.8637    
 2001   285.8791       286.2235       286.8441       287.7787       288.5817       289.2946       289.7091       289.6095       288.8384       287.3250       286.1968       285.7763    
 2002   285.9457       286.2481       286.9433       287.7800       288.5994       289.2948       289.7957       289.7468       288.6796       287.2242       286.2172       285.7185    
 2003   285.9692       286.1958       286.8667       287.6374       288.6547       289.2846       289.8171       289.6079       288.6904       287.1913       286.2453       285.8270    
