# using minimal fraction of valid points 30.00
# tas [K] from HadGEM2-ES model output prepared for CMIP5 RCP2.6 r2i1p1
# cutting out region lon=    0.000  360.000, lat=  -90.000   90.000
 1861   284.4290       284.7585       285.5285       286.6342       287.8021       288.6795       289.0500       288.8462       287.9752       286.8600       285.8094       285.0623    
 1862   284.8000       285.1376       285.7379       287.0103       288.0814       288.8965       289.1990       288.9222       288.1157       287.1648       286.0019       284.7807    
 1863   284.6032       285.0152       285.6769       286.6483       287.8379       288.8674       289.0125       288.7484       288.1148       287.1277       286.0596       284.9883    
 1864   284.6992       285.0224       285.9700       287.0695       288.3177       288.9917       289.2056       288.8920       288.1186       287.0965       285.9073       284.8261    
 1865   284.7151       285.0702       285.6533       286.7552       287.9678       288.7408       289.0089       288.7498       287.9018       286.9515       285.7620       284.8639    
 1866   284.4962       284.6995       285.4547       286.7576       287.8016       288.6894       289.0208       288.7389       287.8262       287.0145       285.6668       284.7300    
 1867   284.3073       284.8052       285.6607       286.7659       287.9161       288.8202       288.8195       288.6450       287.9711       286.9076       285.6961       284.9386    
 1868   284.6075       284.9459       285.5822       286.6225       287.8942       288.7460       288.9847       288.7796       288.0881       286.9179       285.8858       284.8596    
 1869   284.4332       284.7310       285.7165       286.8405       288.0066       288.8094       289.0246       288.8325       288.0699       286.9895       285.8275       284.9281    
 1870   284.6878       285.0988       285.7528       286.9776       288.0837       288.9616       289.1573       288.7338       287.9860       286.9410       285.7780       284.8497    
 1871   284.7153       284.9547       285.6570       286.7005       287.8415       288.7231       289.0378       288.7620       287.9337       287.0140       285.8748       284.8618    
 1872   284.4427       284.9328       285.6073       286.9330       288.0243       288.7573       288.9713       288.8236       287.9446       286.8891       285.7837       284.9550    
 1873   284.5898       285.1777       285.5606       286.8290       287.9505       288.8961       289.1827       288.7938       287.9908       286.9211       285.7923       284.8381    
 1874   284.8144       284.8976       285.7673       286.7905       288.0010       288.9951       289.1669       288.7292       287.9240       286.9570       285.8661       284.8386    
 1875   284.5130       284.7770       285.7546       286.6431       287.9099       288.6686       288.8570       288.7834       288.0176       286.8655       285.5753       284.8661    
 1876   284.5458       285.0394       285.5318       286.5223       287.7365       288.5996       288.8428       288.5522       287.8069       286.6382       285.6744       284.8238    
 1877   284.5121       284.7930       285.5145       286.4404       287.7641       288.5485       288.9482       288.6216       287.7954       286.8252       285.8530       284.7770    
 1878   284.6343       284.9574       285.6371       286.6529       287.8912       288.7158       288.9494       288.6221       287.8843       286.7174       285.7133       284.8029    
 1879   284.3951       284.6714       285.4985       286.7203       287.8121       288.7355       288.9626       288.5883       287.7884       286.7036       285.4676       284.6843    
 1880   284.3094       284.7534       285.3599       286.4729       287.6721       288.7140       288.8617       288.5912       287.7484       286.7038       285.6852       284.6510    
 1881   284.2581       284.9153       285.5610       286.7108       287.7915       288.6809       288.8811       288.6008       287.8358       286.9377       285.7327       284.7184    
 1882   284.4451       284.6646       285.1684       286.5064       287.7586       288.6232       288.8470       288.6169       287.8638       286.8885       285.7423       284.5175    
 1883   284.1724       284.5065       285.2260       286.4806       287.6290       288.4804       288.7532       288.5128       287.8175       286.6582       285.2455       284.4016    
 1884   284.1933       284.4778       285.2822       286.4243       287.6135       288.3935       288.5199       288.3883       287.5482       286.4937       285.2533       284.5081    
 1885   284.3654       284.6194       285.3115       286.4750       287.5851       288.4969       288.8099       288.4837       287.6247       286.6823       285.4210       284.4985    
 1886   284.2272       284.4074       285.1193       286.3602       287.5547       288.4879       288.7243       288.5840       287.7304       286.6398       285.4718       284.3639    
 1887   284.1700       284.6929       285.1599       286.2574       287.3709       288.3610       288.6430       288.4169       287.5385       286.4392       285.1844       284.2873    
 1888   284.2511       284.4573       285.1999       286.2634       287.6780       288.5654       288.8812       288.4472       287.7396       286.7227       285.5116       284.6942    
 1889   284.3670       284.4985       285.4957       286.5609       287.5874       288.5771       288.8007       288.4657       287.7442       286.7162       285.5045       284.4755    
 1890   284.3894       284.6725       285.2549       286.5140       287.5121       288.4979       288.7550       288.5183       287.6644       286.6051       285.5494       284.5091    
 1891   284.4163       284.6029       285.4443       286.4546       287.4550       288.4023       288.5167       288.3564       287.7404       286.6621       285.2925       284.6698    
 1892   284.4029       284.6523       285.2917       286.6032       287.6822       288.6193       288.8941       288.6604       287.7892       286.7770       285.7480       284.6496    
 1893   284.2975       284.8649       285.4044       286.5504       287.7472       288.6402       288.9441       288.6641       287.8155       286.7981       285.7403       284.7183    
 1894   284.5011       284.7138       285.3255       286.5735       287.9264       288.5689       288.7727       288.5576       287.6906       286.5467       285.6969       284.8111    
 1895   284.4643       284.6525       285.5336       286.7694       287.8714       288.7404       288.8712       288.7243       287.9437       286.9662       285.8178       284.9425    
 1896   284.8013       285.1128       285.7976       286.6575       287.9504       288.7982       288.9151       288.5674       287.8621       286.8025       285.6647       284.7155    
 1897   284.4039       284.7953       285.3908       286.5246       287.6889       288.7570       288.9192       288.6319       287.8420       286.8155       285.5845       284.6880    
 1898   284.5191       284.8729       285.5791       286.5562       287.8104       288.7721       288.9015       288.6896       287.9001       286.9792       285.6283       284.8617    
 1899   284.7102       285.0188       285.6242       286.7819       288.0375       288.8073       289.0304       288.7041       288.0762       286.9285       285.7171       284.9608    
 1900   284.6359       284.8497       285.6456       286.6938       287.9342       288.7204       288.9163       288.6170       287.9113       286.9144       285.8230       284.8559    
 1901   284.8517       284.8318       285.6049       286.5475       287.7817       288.7234       288.9076       288.6487       287.9961       286.8926       285.9927       285.0964    
 1902   284.6981       284.7919       285.5901       286.7601       287.8886       288.7622       288.8558       288.6344       287.9508       286.8188       285.5721       284.8355    
 1903   284.5906       284.9468       285.8456       286.6370       287.8057       288.5850       288.8331       288.6140       287.7595       286.6323       285.4614       284.3900    
 1904   284.3016       284.6072       285.3286       286.3298       287.4016       288.4237       288.6660       288.3942       287.6761       286.6654       285.3904       284.5345    
 1905   284.2502       284.7426       285.5692       286.5216       287.7859       288.5570       288.8156       288.6106       287.9097       286.9421       285.6715       284.8041    
 1906   284.3773       284.7754       285.6501       286.6039       287.8080       288.7078       288.8959       288.5028       287.8535       286.9803       285.5632       284.7991    
 1907   284.5421       284.8414       285.6152       286.7441       287.6866       288.6215       288.8967       288.5072       287.9290       286.6868       285.7404       284.7045    
 1908   284.4745       284.8226       285.5943       286.6786       287.6875       288.6165       288.7404       288.3778       287.8026       286.5959       285.6003       284.7401    
 1909   284.5335       284.4647       285.4207       286.3172       287.6826       288.4262       288.6912       288.5157       287.9157       286.8597       285.7395       284.7169    
 1910   284.4518       284.9874       285.4449       286.7318       287.8877       288.7223       288.9064       288.7466       287.9941       286.7700       285.6800       284.7859    
 1911   284.4738       284.7920       285.4407       286.6829       287.8612       288.8636       288.9522       288.7252       287.7980       286.7700       285.6633       284.6187    
 1912   284.4980       284.7852       285.4780       286.6036       287.8643       288.6693       288.7968       288.5899       287.7979       286.6454       285.5408       284.5748    
 1913   284.1997       284.5576       285.4732       286.6311       287.7385       288.6640       288.8574       288.5818       287.7890       286.7859       285.5958       284.6182    
 1914   284.4955       284.8687       285.6020       286.7535       287.7960       288.6837       289.0121       288.8678       287.9328       286.8574       285.7066       284.6008    
 1915   284.6404       284.6930       285.4475       286.7091       287.7333       288.6806       288.9631       288.6545       287.8885       286.7985       285.7329       284.7176    
 1916   284.5295       284.8429       285.7635       286.6256       287.7776       288.8641       288.9690       288.8056       287.9976       287.0689       285.9658       285.1308    
 1917   284.6138       284.8708       285.6863       286.8022       288.1080       289.0054       289.0927       288.9671       288.0679       287.1811       285.8754       284.9637    
 1918   284.6632       284.7576       285.7377       286.7231       287.9283       288.8017       289.0307       288.6999       287.9870       287.0482       285.7213       284.7631    
 1919   284.6964       284.7799       285.7299       286.9190       288.0435       288.9558       289.0884       288.8381       288.0486       287.0591       285.8536       285.0276    
 1920   284.8264       285.2487       285.6986       286.6724       287.9340       288.9156       289.1348       288.8560       288.0972       287.0873       285.9590       285.0248    
 1921   284.8104       285.1735       285.7906       286.8215       288.0455       288.9581       289.0677       288.8173       288.2513       287.0060       285.9590       284.9192    
 1922   284.7645       284.8472       285.8782       287.0259       288.1347       289.0050       289.1874       289.0033       288.0593       286.9808       285.7260       284.8897    
 1923   284.6302       285.0926       285.8572       286.9009       288.0547       288.9332       289.0853       288.7869       288.1245       287.1811       285.8609       284.8957    
 1924   284.6591       284.8801       285.7773       286.7793       288.1352       288.9608       289.0993       288.8233       288.0483       286.9452       285.8642       284.9062    
 1925   284.7412       285.1888       285.9189       286.7624       287.8799       288.7876       289.0157       288.8683       288.1099       287.1425       286.0026       285.0344    
 1926   284.8380       285.0841       285.8603       287.0182       288.1938       288.9913       289.2592       289.0334       288.0992       286.9462       285.9216       284.9682    
 1927   284.7809       285.0200       285.5801       287.0156       288.0304       288.9764       289.1711       288.9347       288.1039       287.1378       285.9160       285.2080    
 1928   284.9117       285.3286       285.8258       286.9680       288.0622       288.9466       289.0900       288.8719       288.0012       286.9876       285.7436       285.0099    
 1929   284.6532       285.0035       285.6193       286.8437       287.8992       288.7717       288.9355       288.7369       287.9347       286.8548       285.7544       284.9066    
 1930   284.4592       284.8663       285.7127       286.7522       287.9478       288.6855       288.9364       288.7823       287.8751       286.9085       285.6021       284.6977    
 1931   284.4637       284.8834       285.4809       286.5746       287.7382       288.5522       288.9564       288.6800       287.7877       286.8992       285.6525       284.8396    
 1932   284.7466       284.9226       285.7932       286.8912       287.9299       288.8937       288.9627       288.9209       288.1141       286.9042       285.7616       285.0737    
 1933   284.6580       284.9777       285.6178       286.7976       288.1030       288.9275       289.1297       288.9172       288.1991       287.2015       286.0233       285.2247    
 1934   285.0506       285.2561       286.0450       287.0256       288.2033       288.9823       289.1580       288.9889       288.2014       287.0580       285.9484       284.8811    
 1935   284.8956       285.1858       286.0168       287.0884       288.1346       288.9123       289.0732       288.7990       288.1703       287.1356       285.9922       284.9573    
 1936   284.8070       285.0912       285.8296       286.9368       288.0192       288.8622       289.1448       288.7594       288.0858       287.1118       286.0374       285.1022    
 1937   284.8198       285.2551       285.8647       287.0095       288.1584       289.0078       289.2496       288.8903       288.2989       287.0626       285.9030       284.9757    
 1938   284.5729       285.1155       285.7823       287.0307       288.2305       288.9078       289.0623       288.7389       288.0837       287.0284       285.9945       285.0433    
 1939   284.8374       284.9757       285.8770       286.7996       287.9925       288.7769       288.9550       288.6436       287.9929       286.7609       285.6508       284.8546    
 1940   284.5696       284.9266       285.5095       286.7148       287.8214       288.6734       288.8289       288.5387       287.8326       286.8272       285.7178       285.0128    
 1941   284.7597       285.1187       285.7535       286.9707       288.0523       288.8209       289.1525       288.7952       288.0260       287.0891       285.8219       284.9662    
 1942   284.8195       285.0368       285.7405       286.9873       288.0710       288.9716       289.1613       288.8739       288.1664       287.1429       285.8885       285.1066    
 1943   285.0310       285.3246       285.7116       286.9907       288.2056       289.0706       289.1378       288.9390       288.1498       287.2771       286.1603       285.3635    
 1944   284.9983       285.3124       286.0177       286.9508       288.2332       289.0429       289.2747       288.9991       288.2464       287.1054       285.9822       285.3766    
 1945   285.1441       285.5258       286.0167       287.1919       288.3317       289.0630       289.2612       288.9233       288.2259       287.2259       286.1259       285.2055    
 1946   284.9316       285.2809       285.9174       287.1638       288.1928       289.0770       289.1853       288.9223       288.2252       287.1962       286.0280       285.1405    
 1947   285.0710       285.3068       285.9608       286.9660       288.0815       288.9590       289.1797       288.8263       288.3099       287.3082       285.9984       285.1497    
 1948   284.9581       285.1940       286.0925       287.2088       288.3145       289.1584       289.2216       289.0047       288.3428       287.3266       286.2439       285.3175    
 1949   284.9937       285.2578       285.8896       287.2249       288.3050       289.0290       289.2157       289.1097       288.3313       287.3141       286.0884       285.2206    
 1950   284.8763       285.1417       286.0032       287.1154       288.3241       289.1528       289.2189       288.9640       288.2309       287.0545       285.8147       285.0670    
 1951   284.9216       285.2823       285.8587       287.0104       288.0025       288.8777       289.0626       288.8952       288.2484       287.1837       286.0569       284.9833    
 1952   284.7113       285.1560       285.8343       286.9263       288.1461       288.7911       289.0043       288.7047       288.0231       287.0360       285.8775       284.8615    
 1953   284.6270       285.0885       285.9112       286.9151       288.0903       288.8796       289.1302       288.7636       288.0464       286.9593       285.8283       284.9300    
 1954   284.6993       284.7886       285.7201       286.8649       288.1124       288.9426       289.1416       288.8558       287.9489       287.0402       285.7852       284.9277    
 1955   284.8287       285.1187       285.8265       287.0431       288.1068       289.0038       289.2649       288.9981       288.1750       287.1185       285.9969       285.2249    
 1956   285.0281       285.3751       286.2122       287.1636       288.2278       288.9948       289.2566       288.9796       288.1588       287.0296       285.8481       285.0877    
 1957   284.6170       284.9164       285.7220       286.7674       287.9401       288.8602       289.0358       288.8941       288.1149       287.0782       285.8163       285.0351    
 1958   284.7476       285.2230       285.8804       286.7531       287.9258       288.7504       288.9843       288.7942       288.1434       287.1224       285.8596       284.9580    
 1959   284.7352       284.8905       285.6405       286.7251       288.1618       288.9619       289.0027       288.8162       288.2319       287.1945       285.8872       284.9435    
 1960   284.7716       285.0411       285.7804       286.8995       288.1379       288.8579       289.0610       288.8390       288.0924       286.9366       285.8261       284.9466    
 1961   284.5679       285.1874       285.8729       286.7667       287.9829       288.8155       288.9952       288.6911       287.8463       287.0737       285.8654       284.9650    
 1962   284.7767       285.0095       285.9550       286.9313       287.9054       288.7150       288.8080       288.6595       287.8210       286.7564       285.6018       284.8072    
 1963   284.5800       284.7768       285.5638       286.7067       287.8503       288.6753       289.1005       288.6045       287.8679       286.5798       285.4733       284.7079    
 1964   284.4511       284.6426       285.4399       286.7435       287.9312       288.7156       288.7367       288.4666       287.8673       286.7500       285.5270       284.5630    
 1965   284.4098       284.6040       285.3514       286.4126       287.6033       288.5179       288.8408       288.4037       287.7231       286.6501       285.3903       284.6181    
 1966   284.3902       284.5475       285.2148       286.4841       287.7007       288.4540       288.6804       288.3555       287.6263       286.5544       285.5718       284.6011    
 1967   284.2386       284.5082       285.2284       286.4771       287.7238       288.6804       288.6189       288.4286       287.7130       286.5527       285.5113       284.6205    
 1968   284.3986       284.8248       285.5665       286.6346       287.6875       288.6370       288.7933       288.5728       287.8046       286.8071       285.6809       284.7745    
 1969   284.6267       284.9335       285.5229       286.7032       287.8716       288.7674       288.8210       288.7037       287.9273       286.9995       285.7798       284.8017    
 1970   284.5780       284.7452       285.4844       286.7081       287.7699       288.8097       288.8773       288.7030       287.8739       286.8716       285.7179       284.6558    
 1971   284.6353       284.9195       285.5976       286.5946       287.9391       288.6832       288.8358       288.4977       287.7167       286.8339       285.6853       284.9804    
 1972   284.9075       285.0371       285.7789       287.0132       288.0206       288.8112       289.0262       288.6121       287.8360       287.0176       285.9070       284.7726    
 1973   284.6426       284.9716       285.7915       286.7274       287.9252       288.6866       288.9205       288.6668       287.9178       286.9362       285.7892       284.7910    
 1974   284.6803       285.0189       285.7978       286.9679       288.0439       288.8109       289.0179       288.6650       287.8301       286.9206       285.8611       284.9011    
 1975   284.4911       284.8329       285.5927       286.6575       287.8733       288.8111       288.8935       288.6155       287.8454       286.7149       285.4007       284.7107    
 1976   284.1675       284.5782       285.3006       286.4590       287.7553       288.5957       288.8779       288.4874       287.7557       286.7492       285.6569       284.5599    
 1977   284.2638       284.9611       285.4801       286.6893       287.9377       288.7405       288.8145       288.7892       287.8732       286.9361       285.8199       285.2357    
 1978   284.5650       285.1287       285.8346       286.8620       288.1777       288.9349       288.9958       288.7503       287.9089       286.9829       285.8708       285.0297    
 1979   284.5236       284.7961       285.6289       286.7104       287.9101       288.8709       289.0843       288.7718       288.1315       287.1417       286.0950       285.0949    
 1980   284.6760       285.2274       285.9669       287.0386       288.1397       289.0134       289.2047       288.9897       288.2942       287.2538       286.0444       285.0883    
 1981   284.9718       285.1000       285.8856       287.2346       288.2150       289.0349       289.1116       288.9355       288.2140       287.1625       286.0793       285.2051    
 1982   284.7670       285.0542       285.7841       286.8863       288.0264       288.8875       289.0271       288.7719       288.0420       286.9673       285.8866       284.9242    
 1983   284.4543       284.8341       285.4638       286.6730       287.7813       288.6635       288.8162       288.5735       287.8652       286.8026       285.9437       284.9193    
 1984   284.5099       284.7958       285.5807       286.7057       287.9025       288.8202       288.8853       288.7170       287.8115       286.7723       285.5568       284.7685    
 1985   284.5859       284.8965       285.6656       286.7463       288.0417       288.8123       289.0700       288.8108       288.0846       287.0787       285.8842       285.0499    
 1986   284.6583       284.8372       285.8579       286.7939       288.2261       288.8738       289.0007       288.7306       288.0323       287.0421       286.1080       284.9146    
 1987   284.6859       284.9554       285.6740       286.8019       287.9627       288.9085       289.0481       288.7715       288.0039       287.1212       285.9474       285.1302    
 1988   284.7527       285.1169       285.9199       286.8983       287.9164       288.9714       289.1055       288.8922       287.9791       286.9395       285.8058       284.9510    
 1989   284.6661       285.0220       285.7284       286.9439       288.0154       288.9077       289.0799       288.8590       288.1581       287.2555       286.0385       285.2662    
 1990   284.8741       285.1929       286.0291       287.1687       288.0363       289.0369       289.2592       289.0527       288.2051       287.2520       286.0710       285.1939    
 1991   285.0833       285.2481       285.9657       286.9661       288.0155       289.0986       289.1844       288.9089       288.1300       287.0777       285.9363       284.9289    
 1992   284.5074       284.8778       285.7371       286.6387       287.7138       288.5641       288.8608       288.5123       287.9389       286.8143       285.6178       284.8286    
 1993   284.4944       284.8104       285.5432       286.7044       287.8338       288.6999       289.0877       288.6949       287.9449       286.9441       285.8080       284.8663    
 1994   284.5828       284.8078       285.5579       286.8843       288.0851       288.8274       289.0085       288.8943       288.0120       286.8924       285.6638       284.8860    
 1995   284.7911       284.9358       285.5384       286.6454       287.8835       288.5706       288.8481       288.6014       287.7536       286.7623       285.4939       284.6749    
 1996   284.3894       284.6308       285.5095       286.5054       287.8264       288.6765       288.8681       288.7827       288.0569       287.1380       285.8139       285.0435    
 1997   284.6436       284.8710       285.6729       286.9084       288.0938       288.9487       289.1598       288.9392       288.2150       287.3077       286.1833       285.3662    
 1998   285.0796       285.3548       286.2569       287.2716       288.4219       289.2853       289.4364       289.0591       288.3653       287.4805       286.2217       285.2487    
 1999   284.9721       285.3934       286.1064       287.3712       288.4653       289.2309       289.5185       289.2197       288.4618       287.3395       286.2900       285.2977    
 2000   285.0475       285.2284       285.8844       287.0361       288.3987       289.1752       289.3851       289.1530       288.4541       287.4961       286.4138       285.4835    
 2001   285.2183       285.6729       286.2222       287.3591       288.6994       289.4612       289.5507       289.2998       288.5365       287.5439       286.3604       285.3671    
 2002   285.1870       285.3882       286.2267       287.0703       288.3433       289.2637       289.3019       289.1704       288.4231       287.5803       286.5771       285.6243    
 2003   285.4306       285.5831       286.2723       287.2769       288.5435       289.3028       289.6050       289.2997       288.5409       287.5054       286.4260       285.3832    
 2004   285.1537       285.5604       286.2064       287.4216       288.4427       289.3078       289.4523       289.1920       288.5103       287.4750       286.1600       285.3260    
 2005   285.1196       285.5551       286.0741       287.2441       288.5102       289.3939       289.5609       289.3991       288.6811       287.6388       286.4955       285.5576    
 2006   285.4703       285.8458       286.5128       287.5599       288.7008       289.4473       289.5537       289.2216       288.4582       287.4100       286.2046       285.4108    
 2007   285.1025       285.3116       286.0923       287.1831       288.5288       289.2570       289.4798       289.2049       288.6335       287.5928       286.3933       285.5744    
 2008   285.0841       285.4803       286.4150       287.4166       288.5170       289.3433       289.6000       289.3270       288.6075       287.6402       286.4888       285.5070    
 2009   285.3294       285.5801       286.1310       287.2786       288.5054       289.3474       289.5460       289.4055       288.7592       287.7706       286.5652       285.7023    
 2010   285.2964       285.3432       286.1892       287.5645       288.6144       289.1835       289.4024       289.3146       288.7180       287.6892       286.4654       285.6568    
 2011   285.3940       285.7106       286.3277       287.4449       288.5749       289.2893       289.5364       289.3816       288.6832       287.8584       286.5978       285.7495    
 2012   285.5009       285.9128       286.5772       287.5845       288.7304       289.4266       289.4947       289.4575       288.7217       287.6945       286.6304       286.0543    
 2013   285.4194       285.7260       286.6185       287.6445       288.8300       289.6816       289.7872       289.6196       288.9207       287.9109       286.8633       285.9905    
 2014   285.5943       285.9974       286.4883       287.8591       289.0174       289.8789       289.9455       289.6333       288.9699       288.0953       286.8864       286.1628    
 2015   285.7803       285.9828       286.6595       287.8398       288.9653       289.6935       289.8817       289.6849       288.9199       288.1643       286.9308       286.1567    
 2016   285.7460       285.9973       286.7898       287.7670       288.9517       289.6853       289.8860       289.7786       288.9549       288.0179       287.1722       286.1990    
 2017   285.8264       286.1507       286.7450       287.8918       289.0302       289.8863       289.9781       289.8676       289.1681       288.0565       286.9357       286.0611    
 2018   285.7738       286.0115       286.8269       288.0435       289.1974       289.9793       290.1303       290.0019       289.3825       288.4423       287.3445       286.2820    
 2019   286.0024       286.3155       286.9012       287.9896       289.3028       290.1107       290.2239       290.0934       289.4194       288.4093       287.1870       286.4130    
 2020   286.1251       286.5074       287.0730       288.3456       289.3244       290.0538       290.2773       290.1308       289.5165       288.4091       287.2112       286.4232    
 2021   286.2189       286.4139       287.0020       288.0926       289.1670       290.0197       290.1629       289.9253       289.2712       288.4030       287.1967       286.2535    
 2022   285.9592       286.0863       286.6931       287.9640       289.0692       290.0020       290.0676       289.9489       289.1936       288.2121       287.2386       286.3293    
 2023   286.0583       286.2704       287.0912       288.1238       289.3414       290.0880       290.1809       290.0890       289.3634       288.3713       287.2300       286.1264    
 2024   285.8224       286.2391       287.1108       288.0849       289.0709       289.8802       289.9811       289.9337       289.2596       288.2716       287.1512       286.1395    
 2025   285.9333       286.1867       286.8568       287.9424       288.9364       289.8392       290.0025       289.9990       289.3181       288.2657       287.3034       286.1364    
 2026   285.8025       286.0299       287.0416       288.0436       289.1672       289.9948       290.1043       289.9784       289.3118       288.2925       287.1197       286.2867    
 2027   285.8578       286.0919       286.8452       287.9445       289.1160       289.8507       290.1448       290.1001       289.3602       288.2797       287.2759       286.4854    
 2028   286.0239       286.1660       286.9796       288.1198       289.3371       290.1898       290.3546       290.0504       289.4298       288.3035       287.2020       286.5449    
 2029   286.1176       286.3820       287.0475       287.9656       289.0755       289.8570       290.1010       290.0251       289.3462       288.3137       287.2496       286.0850    
 2030   285.9907       286.1458       286.9249       288.0118       289.2075       290.0107       290.1906       290.0780       289.4438       288.4232       287.2785       286.4041    
 2031   286.2558       286.3391       287.2269       288.0791       289.3876       290.1029       290.2423       290.0696       289.4248       288.4792       287.3568       286.4178    
 2032   286.2961       286.4032       286.9271       288.2428       289.3436       290.2127       290.4480       290.1537       289.5293       288.5652       287.3416       286.5363    
 2033   286.2969       286.4646       287.0933       288.2271       289.2638       290.2260       290.3789       290.0966       289.5157       288.5720       287.3631       286.6567    
 2034   286.2858       286.5614       287.2850       288.2333       289.5006       290.1866       290.3084       290.1028       289.3762       288.4123       287.5012       286.4699    
 2035   286.3382       286.3623       287.2845       288.2041       289.4065       290.1935       290.3360       290.1222       289.6044       288.6815       287.6519       286.8371    
 2036   286.6159       286.8012       287.4372       288.5402       289.6241       290.3447       290.4867       290.4064       289.6821       288.7954       287.6304       286.8797    
 2037   286.5916       287.0155       287.5151       288.7187       289.7265       290.4450       290.7032       290.5592       289.7008       288.8175       287.6357       287.0992    
 2038   286.7317       286.7803       287.3852       288.2762       289.4922       290.1241       290.4571       290.2396       289.5217       288.3646       287.4850       286.5676    
 2039   286.2535       286.6457       287.2934       288.4326       289.4976       290.3076       290.5254       290.3617       289.7466       288.7885       287.6573       286.7666    
 2040   286.4213       286.6797       287.4302       288.4770       289.4564       290.2423       290.5323       290.3048       289.5510       288.5635       287.3864       286.5734    
 2041   286.4933       286.7403       287.3785       288.2375       289.5104       290.2856       290.4856       290.2832       289.7085       288.7117       287.5479       286.6338    
 2042   286.5736       286.7710       287.4438       288.5612       289.6722       290.4101       290.4503       290.2503       289.5758       288.6066       287.5095       286.5674    
 2043   286.3422       286.7116       287.4508       288.4389       289.4701       290.3078       290.5161       290.3915       289.6980       288.7463       287.9218       286.9476    
 2044   286.5279       286.8877       287.6523       288.5600       289.6911       290.3733       290.6964       290.5219       289.8327       288.9580       287.7856       286.7816    
 2045   286.5634       286.8465       287.5941       288.6551       289.5471       290.4651       290.7371       290.5366       289.9529       288.9697       287.8617       287.1287    
 2046   286.6841       286.8721       287.6512       288.7245       289.6660       290.5434       290.6835       290.5780       289.8802       288.8244       287.7125       286.8959    
 2047   286.5768       286.7608       287.4012       288.3838       289.6132       290.4618       290.4948       290.3721       289.8005       288.9690       287.7375       286.9634    
 2048   286.7221       286.9834       287.6156       288.7339       289.8560       290.4916       290.6660       290.5585       289.8487       288.8095       287.9926       287.2678    
 2049   286.7408       286.9475       287.6068       288.7007       289.6939       290.3193       290.4474       290.3134       289.7228       288.8178       287.6801       286.7013    
 2050   286.4635       286.5356       287.3162       288.4686       289.6309       290.4131       290.6106       290.4421       289.7995       288.7087       287.6599       286.9272    
 2051   286.6467       286.7723       287.5020       288.5542       289.6597       290.2396       290.6349       290.4135       289.5916       288.7352       287.6355       286.7473    
 2052   286.1895       286.4755       287.3493       288.3389       289.5452       290.1984       290.3909       290.1122       289.5069       288.5585       287.3477       286.5420    
 2053   286.1291       286.5000       287.1667       288.5598       289.5702       290.4241       290.5989       290.4117       289.5513       288.6378       287.6266       286.7832    
 2054   286.4598       286.6969       287.3724       288.4147       289.5735       290.1660       290.5105       290.3887       289.6572       288.7617       287.6974       286.9217    
 2055   286.5985       287.0256       287.5062       288.7201       289.7076       290.5549       290.7568       290.4744       290.0046       288.9576       287.9203       286.7784    
 2056   286.5609       286.6788       287.3349       288.4007       289.7412       290.4942       290.7018       290.6986       290.0016       289.1608       288.0499       287.1554    
 2057   286.9877       287.0203       287.7917       288.8138       289.8840       290.6879       290.7615       290.6140       289.9601       289.1014       287.8002       287.0526    
 2058   286.5526       286.7143       287.5375       288.5774       289.6331       290.4188       290.6477       290.4181       289.9234       288.8813       287.9383       287.0257    
 2059   286.8252       286.9577       287.7376       288.6779       289.8351       290.5977       290.6852       290.5894       290.0294       289.0791       287.9118       286.9673    
 2060   286.6065       286.9320       287.5789       288.4703       289.6033       290.3338       290.4864       290.3382       289.7580       288.8502       287.8136       286.7756    
 2061   286.6565       286.8870       287.5480       288.7271       289.7336       290.4795       290.7097       290.7102       289.9483       288.9830       287.8149       286.9541    
 2062   286.6094       286.8144       287.6176       288.5312       289.5901       290.3094       290.6263       290.3869       289.9016       288.9575       287.9196       286.9339    
 2063   286.6619       287.0244       287.6319       288.5737       289.6855       290.4533       290.6832       290.5163       289.8178       288.8953       287.9192       286.8643    
 2064   286.4292       286.6739       287.5615       288.6106       289.6216       290.3955       290.7115       290.5165       289.6517       288.7455       287.6130       286.9358    
 2065   286.5642       286.8599       287.4701       288.4361       289.5487       290.3862       290.5743       290.3229       289.7453       288.6629       287.6721       286.5208    
 2066   286.2426       286.6542       287.3384       288.2537       289.4930       290.2921       290.4639       290.3210       289.6663       288.6775       287.7371       286.7715    
 2067   286.3796       286.7188       287.4815       288.7188       289.8013       290.3460       290.5585       290.4692       289.7365       288.9127       287.8560       287.0280    
 2068   286.6538       286.7520       287.5845       288.5163       289.6081       290.3987       290.7197       290.4572       289.8365       288.8741       287.7916       287.0719    
 2069   286.7254       286.9549       287.5112       288.6543       289.7484       290.4338       290.5673       290.4713       289.8236       288.8213       287.7673       286.9757    
 2070   286.6118       286.7060       287.5883       288.5598       289.7012       290.4225       290.5916       290.4486       289.8784       288.8294       287.7571       287.0085    
 2071   286.6143       286.8650       287.7611       288.8594       289.7572       290.4958       290.6371       290.6832       289.8598       288.9723       287.9056       287.0373    
 2072   286.5764       286.7740       287.4048       288.4517       289.6212       290.3330       290.6075       290.5108       289.7512       288.7852       287.7808       286.9502    
 2073   286.6736       286.9441       287.5941       288.5723       289.6939       290.4590       290.6144       290.3737       289.7776       288.8752       287.8423       287.0001    
 2074   286.6086       287.0193       287.6489       288.6935       289.7676       290.4458       290.6312       290.3951       289.8558       288.8669       287.6881       286.8298    
 2075   286.5029       286.7096       287.2678       288.3186       289.4700       290.1974       290.4417       290.1826       289.4972       288.6745       287.5897       286.6990    
 2076   286.4883       286.5803       287.2521       288.4258       289.5290       290.3773       290.5476       290.3744       289.6570       288.8105       287.7372       287.0697    
 2077   286.8022       286.9990       287.5604       288.7212       289.8047       290.6174       290.6947       290.5349       289.8785       288.9905       287.7815       286.9691    
 2078   286.5831       286.9934       287.4666       288.5673       289.8149       290.4145       290.6389       290.5628       289.8137       288.8083       287.8799       287.0332    
 2079   286.6443       287.1217       287.5333       288.6533       289.5847       290.3914       290.6126       290.3603       289.6693       288.7556       287.8428       286.9200    
 2080   286.5382       286.7465       287.6581       288.6136       289.6548       290.2715       290.5114       290.5174       289.8627       288.8251       287.9958       286.9149    
 2081   286.5320       287.0069       287.5242       288.6682       289.7887       290.3989       290.4930       290.2471       289.6527       288.7211       287.6217       286.7555    
 2082   286.4870       286.6568       287.3592       288.4446       289.5829       290.1475       290.4259       290.2880       289.6975       288.7126       287.7607       286.9787    
 2083   286.4798       286.6907       287.6495       288.5127       289.4353       290.3661       290.3910       290.3116       289.5879       288.6594       287.5111       286.7283    
 2084   286.3970       286.5265       287.3596       288.5211       289.5067       290.3291       290.4929       290.1946       289.5089       288.6085       287.6005       286.7837    
 2085   286.6583       286.8491       287.6010       288.4790       289.5319       290.2492       290.5062       290.3863       289.7029       288.7806       287.8044       287.0385    
 2086   286.7368       286.8969       287.5456       288.6464       289.6714       290.2738       290.4990       290.3304       289.7524       288.8300       287.7179       286.8784    
 2087   286.5592       286.6860       287.3253       288.5364       289.6951       290.3177       290.4758       290.3863       289.6669       288.8143       287.8454       287.0038    
 2088   286.6836       286.8778       287.5103       288.5786       289.6753       290.2973       290.4839       290.4162       289.7594       288.8307       287.9114       286.8581    
 2089   286.6192       286.8814       287.6385       288.5643       289.7750       290.4599       290.5570       290.4427       289.9145       289.0460       288.0521       287.1719    
 2090   286.8614       287.1206       287.6650       288.6372       289.6967       290.3848       290.5757       290.4691       289.8349       288.8729       287.8094       287.0479    
 2091   286.6154       287.0615       287.6290       288.5478       289.7713       290.3734       290.7519       290.4418       289.6238       288.8372       287.8888       286.8889    
 2092   286.3997       286.6909       287.3976       288.5686       289.5800       290.2722       290.6032       290.3132       289.6357       288.7757       287.8311       286.8597    
 2093   286.3902       286.6609       287.2702       288.4951       289.5227       290.2155       290.5045       290.4145       289.6140       288.6514       287.4837       286.5823    
 2094   286.3232       286.5962       287.1764       288.2757       289.4106       290.3094       290.3890       290.1810       289.5469       288.5832       287.6040       286.6270    
 2095   286.4726       286.5840       287.4480       288.3787       289.4706       290.2227       290.5027       290.3145       289.6188       288.6566       287.5363       286.5495    
 2096   286.2202       286.5896       287.2573       288.2942       289.4398       290.1572       290.4053       290.3022       289.5383       288.7238       287.5110       286.6496    
 2097   286.3665       286.5429       287.1728       288.3264       289.3936       290.0992       290.5123       290.2717       289.6393       288.5310       287.7408       286.9229    
 2098   286.5101       286.6640       287.4820       288.6773       289.6015       290.3165       290.5220       290.3163       289.6229       288.7365       287.9065       286.7324    
 2099   286.5106       286.7229       287.2925       288.4409       289.5272       290.1767       290.3927       290.2539       289.6297       288.5042       287.6862       286.5781    
 2100   286.5645       286.5559       287.4255       288.5358       289.6816       290.3307       290.4633       290.3006       289.5643       288.5675       287.4936       286.4843    
