# using minimal fraction of valid points 30.00
# tos [Celsius] from CNRM-CM5 model output prepared for CMIP5 RCP8.5
# cutting out region lon=    0.000  360.000, lat=  -90.000   90.000
 1861   18.15015       18.36661       18.25580       18.02097       17.75836       17.67664       17.78821       17.86969       17.71118       17.50696       17.48215       17.76257    
 1862   18.20691       18.38177       18.30713       18.01962       17.76773       17.70187       17.79132       17.85040       17.69131       17.46899       17.44702       17.70535    
 1863   18.14871       18.32404       18.24033       18.00864       17.74908       17.66089       17.76624       17.83014       17.66977       17.46680       17.42813       17.72470    
 1864   18.15530       18.36624       18.26224       17.99240       17.74600       17.66562       17.78949       17.86728       17.70941       17.50107       17.49176       17.73904    
 1865   18.16232       18.37350       18.23129       17.99799       17.76111       17.67212       17.77310       17.84244       17.68399       17.47879       17.45126       17.70554    
 1866   18.15762       18.36014       18.26138       17.99258       17.70758       17.62509       17.72806       17.79974       17.66080       17.45508       17.42926       17.68604    
 1867   18.13455       18.32791       18.21655       17.97046       17.71057       17.60269       17.72717       17.78598       17.63986       17.43814       17.37100       17.64127    
 1868   18.08090       18.30487       18.19296       17.92084       17.67789       17.61179       17.75156       17.85806       17.69681       17.48395       17.45749       17.74615    
 1869   18.14603       18.36249       18.25439       18.00076       17.74850       17.66226       17.78186       17.85840       17.69543       17.48438       17.44992       17.71384    
 1870   18.11771       18.33160       18.23370       17.98062       17.74677       17.66351       17.78348       17.85852       17.69781       17.49356       17.46188       17.71185    
 1871   18.13513       18.33176       18.23431       18.00677       17.73322       17.65936       17.76813       17.84531       17.70721       17.49194       17.46884       17.73517    
 1872   18.16656       18.38013       18.28857       18.01950       17.76617       17.69748       17.77991       17.84543       17.69235       17.46548       17.42621       17.71625    
 1873   18.14124       18.34576       18.22296       17.97012       17.72006       17.64865       17.77310       17.84042       17.68195       17.47684       17.43146       17.72110    
 1874   18.13834       18.36475       18.25620       17.98523       17.74033       17.62375       17.75641       17.84103       17.65649       17.45853       17.43729       17.70306    
 1875   18.13785       18.32642       18.24884       18.00589       17.74472       17.65659       17.76663       17.84616       17.68674       17.47086       17.45404       17.72675    
 1876   18.15225       18.32794       18.22165       17.97964       17.73773       17.62653       17.74777       17.83987       17.69336       17.48572       17.45572       17.74933    
 1877   18.17838       18.37949       18.27109       17.99408       17.74817       17.67007       17.78629       17.90198       17.73163       17.51498       17.49561       17.76324    
 1878   18.18958       18.38852       18.29700       18.01926       17.76559       17.66074       17.77316       17.84268       17.65894       17.45642       17.41510       17.65561    
 1879   18.12201       18.35425       18.21854       17.97107       17.72055       17.64859       17.79318       17.88205       17.70288       17.51889       17.47379       17.74823    
 1880   18.14905       18.37296       18.26776       17.98883       17.73965       17.67834       17.78317       17.87393       17.73666       17.49634       17.48062       17.77347    
 1881   18.20145       18.39749       18.29181       18.00677       17.76108       17.66525       17.80554       17.88339       17.75128       17.52960       17.51187       17.80368    
 1882   18.22308       18.40002       18.29291       18.04019       17.78775       17.70578       17.81360       17.90057       17.73090       17.48572       17.46628       17.70874    
 1883   18.12662       18.34003       18.24939       18.01172       17.76151       17.67865       17.80948       17.88867       17.69809       17.42746       17.35349       17.57071    
 1884   17.97821       18.14124       18.05292       17.75314       17.49561       17.40738       17.49167       17.56009       17.36472       17.17105       17.16232       17.42654    
 1885   17.89462       18.10446       17.97885       17.73251       17.45959       17.37643       17.50394       17.58377       17.40839       17.20425       17.19672       17.48340    
 1886   17.92853       18.14343       18.05695       17.82098       17.54999       17.45981       17.59253       17.65396       17.51172       17.33478       17.31625       17.58447    
 1887   18.03387       18.22385       18.13037       17.89066       17.63373       17.53198       17.66418       17.73630       17.59271       17.39316       17.35168       17.62125    
 1888   18.07343       18.30164       18.20108       17.95294       17.72217       17.65613       17.77679       17.84152       17.68515       17.48615       17.46594       17.76486    
 1889   18.18585       18.38037       18.25479       17.99942       17.73572       17.62726       17.75723       17.83777       17.63306       17.42950       17.40005       17.66284    
 1890   18.09219       18.31522       18.20514       17.94778       17.68591       17.58865       17.71616       17.78574       17.62222       17.40411       17.37949       17.64545    
 1891   18.06421       18.26987       18.16309       17.90057       17.64349       17.54224       17.65118       17.74097       17.59756       17.38785       17.35794       17.61441    
 1892   18.04196       18.25668       18.16736       17.92450       17.68369       17.57501       17.70987       17.78387       17.62280       17.42767       17.40637       17.66232    
 1893   18.11240       18.30725       18.21722       17.95505       17.70645       17.63223       17.77081       17.83865       17.68301       17.46643       17.44284       17.70078    
 1894   18.12662       18.31027       18.21133       17.97018       17.72424       17.63275       17.73590       17.81757       17.66904       17.46521       17.43463       17.70529    
 1895   18.15231       18.34027       18.25836       17.99594       17.75058       17.66937       17.80228       17.87793       17.73566       17.52002       17.49106       17.74695    
 1896   18.21201       18.39764       18.28644       18.04016       17.80469       17.72107       17.81955       17.89566       17.74048       17.54776       17.52762       17.80048    
 1897   18.22171       18.41345       18.31039       18.05533       17.81067       17.72156       17.84595       17.97580       17.78271       17.58456       17.60089       17.89780    
 1898   18.32532       18.50961       18.36313       18.08957       17.81824       17.73703       17.84171       17.93130       17.72815       17.50800       17.46143       17.71173    
 1899   18.18292       18.38977       18.26895       18.01843       17.76425       17.67755       17.81454       17.88916       17.72586       17.51813       17.50009       17.76486    
 1900   18.21487       18.37515       18.28043       18.04922       17.76654       17.65594       17.78995       17.90555       17.72342       17.51144       17.47446       17.75589    
 1901   18.19461       18.41019       18.30310       18.03113       17.79468       17.69064       17.81516       17.88492       17.74072       17.52737       17.51544       17.83713    
 1902   18.26245       18.44296       18.33350       18.08212       17.82208       17.74783       17.88919       17.96146       17.78366       17.53601       17.47031       17.71732    
 1903   18.11066       18.26373       18.14676       17.86499       17.62317       17.52679       17.62903       17.71512       17.57840       17.38422       17.35477       17.63968    
 1904   18.03378       18.24371       18.12341       17.86020       17.60162       17.52237       17.63470       17.69278       17.52948       17.33475       17.31366       17.60251    
 1905   18.04901       18.25540       18.13385       17.87589       17.62549       17.53091       17.64145       17.73734       17.56601       17.38931       17.37103       17.63419    
 1906   18.06430       18.28622       18.18298       17.93433       17.69373       17.59573       17.73868       17.79901       17.64764       17.43143       17.42505       17.71957    
 1907   18.14209       18.37674       18.27557       18.02011       17.74887       17.63635       17.75009       17.79990       17.65363       17.44125       17.42831       17.72217    
 1908   18.14746       18.34723       18.24866       17.97589       17.73697       17.65128       17.76733       17.80814       17.64069       17.44330       17.41718       17.72943    
 1909   18.19107       18.37988       18.28568       18.00479       17.74603       17.66461       17.76089       17.84201       17.69357       17.47821       17.48456       17.76685    
 1910   18.20322       18.40839       18.30264       18.04395       17.78079       17.66452       17.76950       17.85941       17.67770       17.46091       17.43164       17.72232    
 1911   18.14352       18.34213       18.23660       17.98456       17.73877       17.65970       17.77814       17.88275       17.71851       17.50204       17.48373       17.76511    
 1912   18.16888       18.35846       18.25787       17.99951       17.75662       17.66003       17.75436       17.81393       17.60031       17.40414       17.38614       17.65048    
 1913   18.08954       18.25421       18.15012       17.91827       17.65030       17.54211       17.66605       17.75311       17.61670       17.40735       17.40079       17.68134    
 1914   18.14227       18.36087       18.25772       17.99121       17.73737       17.65375       17.77533       17.85251       17.69052       17.50525       17.48334       17.75140    
 1915   18.19226       18.38602       18.25543       17.99808       17.74817       17.68198       17.77722       17.84790       17.68625       17.46884       17.44638       17.72079    
 1916   18.17453       18.35571       18.25125       17.99429       17.73621       17.67017       17.80148       17.88303       17.72702       17.50470       17.48563       17.74130    
 1917   18.21652       18.39969       18.29630       18.02429       17.78152       17.68881       17.80710       17.91293       17.72366       17.51563       17.48849       17.73535    
 1918   18.17001       18.35068       18.26251       18.01105       17.75192       17.65958       17.80002       17.88199       17.66547       17.47021       17.45752       17.73813    
 1919   18.17117       18.37579       18.27109       18.02563       17.77481       17.69418       17.84009       17.92889       17.73438       17.52560       17.49847       17.77240    
 1920   18.21667       18.40704       18.32620       18.06091       17.83823       17.76099       17.87531       17.94617       17.77151       17.56302       17.58191       17.86215    
 1921   18.32626       18.52023       18.39560       18.12476       17.86456       17.79315       17.89160       17.96375       17.81482       17.58997       17.55978       17.82285    
 1922   18.25330       18.47116       18.35846       18.10287       17.84131       17.74643       17.90189       17.98615       17.82245       17.58936       17.53406       17.82010    
 1923   18.24191       18.43103       18.33124       18.08896       17.82574       17.73499       17.85040       17.93246       17.74728       17.53860       17.51486       17.76996    
 1924   18.21481       18.42175       18.31430       18.05606       17.76834       17.67819       17.78476       17.90820       17.75690       17.56491       17.53229       17.79401    
 1925   18.20001       18.41199       18.31577       18.05850       17.81082       17.74649       17.85718       17.91913       17.80859       17.60437       17.58093       17.83734    
 1926   18.31094       18.50491       18.40863       18.14111       17.86603       17.75613       17.86227       17.91736       17.75284       17.53802       17.51062       17.77609    
 1927   18.22284       18.41400       18.32092       18.05414       17.80951       17.72794       17.86166       17.95721       17.78787       17.57666       17.53638       17.79523    
 1928   18.24289       18.47473       18.35110       18.08929       17.83826       17.73798       17.88446       17.96872       17.81396       17.60458       17.59097       17.86203    
 1929   18.29419       18.47617       18.36435       18.08249       17.83484       17.76843       17.88525       17.94440       17.78275       17.57410       17.54886       17.80164    
 1930   18.23608       18.42902       18.32193       18.05933       17.79358       17.69388       17.80270       17.91409       17.72653       17.55185       17.51968       17.80222    
 1931   18.22345       18.43860       18.29883       18.06125       17.80835       17.72919       17.82596       17.92700       17.75635       17.53806       17.52026       17.78973    
 1932   18.23560       18.42221       18.33737       18.06125       17.81699       17.72852       17.84055       17.92529       17.75497       17.56903       17.55325       17.83865    
 1933   18.24722       18.46008       18.33823       18.08984       17.85355       17.74609       17.84351       17.91229       17.77255       17.57977       17.57172       17.85971    
 1934   18.28482       18.51001       18.36224       18.10675       17.86465       17.80542       17.94763       18.00049       17.83841       17.59030       17.54935       17.81375    
 1935   18.25522       18.43228       18.35522       18.11234       17.85242       17.77988       17.91031       17.98538       17.82300       17.59552       17.56134       17.87488    
 1936   18.32291       18.54407       18.40543       18.15305       17.90070       17.78925       17.88696       17.96127       17.78949       17.57333       17.57526       17.85718    
 1937   18.30045       18.52640       18.40854       18.15741       17.89966       17.81595       17.93726       17.99692       17.84262       17.63153       17.61499       17.88837    
 1938   18.29889       18.50677       18.40671       18.14743       17.90686       17.81238       17.93359       18.01923       17.85217       17.65924       17.60675       17.89139    
 1939   18.34525       18.55701       18.44751       18.17688       17.93472       17.86456       17.95087       18.03296       17.87491       17.67834       17.65302       17.95325    
 1940   18.39746       18.57840       18.46246       18.18628       17.90643       17.81467       17.96457       18.03400       17.87106       17.61887       17.58362       17.85757    
 1941   18.27649       18.50339       18.39142       18.13995       17.91257       17.83322       17.96829       18.03384       17.88025       17.66806       17.63412       17.93967    
 1942   18.37616       18.58777       18.46091       18.20465       17.95328       17.86771       17.95370       18.04230       17.84717       17.62015       17.59833       17.88885    
 1943   18.33899       18.57336       18.42389       18.17557       17.92545       17.83835       17.94971       18.06140       17.87900       17.69299       17.65402       17.92191    
 1944   18.35721       18.55807       18.45197       18.19409       17.94211       17.86066       18.00235       18.09872       17.90201       17.69128       17.65155       17.95792    
 1945   18.39645       18.55896       18.42758       18.18414       17.92581       17.82321       17.95200       18.03287       17.87878       17.65356       17.63718       17.91733    
 1946   18.34348       18.52832       18.40869       18.17535       17.90588       17.81641       17.93823       18.03195       17.88831       17.69543       17.67645       17.95511    
 1947   18.39648       18.57309       18.42542       18.15552       17.91220       17.81213       17.95212       18.04181       17.86160       17.64468       17.63144       17.87418    
 1948   18.31931       18.52921       18.38831       18.13449       17.91217       17.86511       18.00293       18.08728       17.90979       17.68832       17.68915       17.96149    
 1949   18.39307       18.58743       18.45578       18.18619       17.95248       17.86249       17.96707       18.05948       17.87964       17.65460       17.62164       17.93262    
 1950   18.41751       18.57309       18.44281       18.19409       17.92657       17.84360       17.94543       18.06537       17.87305       17.65714       17.63589       17.92999    
 1951   18.38998       18.59320       18.44455       18.20169       17.95816       17.89905       18.01263       18.09100       17.92441       17.68893       17.68185       17.96185    
 1952   18.41028       18.64380       18.52115       18.23804       17.98712       17.91650       18.01266       18.09964       17.91116       17.68588       17.65402       17.94485    
 1953   18.41058       18.57562       18.44571       18.20062       17.93802       17.85907       17.98657       18.07059       17.90887       17.67221       17.65707       17.93326    
 1954   18.36600       18.59250       18.48355       18.21185       17.93298       17.84705       17.98380       18.04550       17.88779       17.65833       17.65588       17.94879    
 1955   18.35306       18.57312       18.45267       18.17606       17.91190       17.82849       17.96207       18.05200       17.88113       17.66687       17.63144       17.91806    
 1956   18.37286       18.56384       18.44357       18.19080       17.95517       17.88324       18.02124       18.10718       17.94998       17.70932       17.68826       17.99405    
 1957   18.40479       18.61520       18.48590       18.21429       17.97412       17.88608       18.01529       18.08667       17.93036       17.68811       17.67587       17.96994    
 1958   18.40097       18.57867       18.46442       18.20984       17.94501       17.83096       17.95767       18.06012       17.86334       17.66373       17.61661       17.87558    
 1959   18.33890       18.50735       18.42313       18.16473       17.89685       17.84335       17.99554       18.08380       17.92313       17.71173       17.70023       18.01294    
 1960   18.46158       18.65988       18.54523       18.25494       17.98563       17.89572       18.01279       18.08041       17.88501       17.65088       17.62921       17.90228    
 1961   18.32761       18.53641       18.41196       18.17853       17.92886       17.82825       17.98041       18.07773       17.90744       17.70758       17.67087       17.92136    
 1962   18.36349       18.54330       18.45087       18.18631       17.94525       17.87643       18.02493       18.10028       17.92816       17.71191       17.70932       17.99545    
 1963   18.43362       18.65250       18.51706       18.22797       17.94971       17.83484       17.89651       17.96335       17.78232       17.52905       17.49542       17.76154    
 1964   18.19977       18.40237       18.27594       18.00900       17.76746       17.68271       17.83301       17.90234       17.73398       17.52219       17.51556       17.80765    
 1965   18.23141       18.44492       18.34406       18.07883       17.81195       17.73755       17.89676       17.97754       17.82611       17.57761       17.55554       17.86127    
 1966   18.36414       18.54202       18.40717       18.14209       17.89606       17.79355       17.90430       17.98865       17.80975       17.58154       17.56229       17.82401    
 1967   18.24133       18.45999       18.36804       18.10086       17.84854       17.78781       17.92212       18.00095       17.85873       17.62479       17.63211       17.93781    
 1968   18.39520       18.59872       18.44720       18.17542       17.92935       17.82870       17.96075       18.03482       17.83276       17.60370       17.54868       17.82095    
 1969   18.29663       18.47836       18.36087       18.10309       17.84021       17.77628       17.90317       17.98837       17.80661       17.59793       17.54877       17.83313    
 1970   18.25934       18.44815       18.35413       18.09869       17.83057       17.75955       17.87854       17.95071       17.80045       17.57855       17.56198       17.86642    
 1971   18.32184       18.51859       18.42310       18.16119       17.89993       17.81317       17.92331       18.01804       17.84467       17.63351       17.61096       17.89240    
 1972   18.32367       18.52740       18.42212       18.14932       17.89612       17.82416       17.96399       18.05099       17.86389       17.63251       17.63153       17.92996    
 1973   18.37424       18.55237       18.43146       18.16116       17.89429       17.80643       17.94461       18.05292       17.85992       17.63300       17.61557       17.89133    
 1974   18.32022       18.52106       18.39224       18.14011       17.89801       17.81842       17.92215       18.00928       17.84009       17.61566       17.62759       17.91043    
 1975   18.33228       18.54703       18.41199       18.13382       17.89212       17.81836       17.89868       18.00977       17.80545       17.57700       17.52838       17.79507    
 1976   18.26483       18.44583       18.33737       18.09381       17.86145       17.79654       17.95285       18.06342       17.87762       17.67120       17.64719       17.93677    
 1977   18.35742       18.58182       18.47650       18.20694       17.92947       17.83792       17.96008       18.03098       17.85236       17.62305       17.57547       17.84601    
 1978   18.33682       18.48651       18.40802       18.15079       17.89026       17.82346       17.96228       18.05017       17.91092       17.65756       17.65210       17.95862    
 1979   18.41852       18.61777       18.50867       18.22214       17.96915       17.87863       18.00540       18.10379       17.94379       17.69901       17.69290       17.95099    
 1980   18.39169       18.58356       18.46365       18.22528       17.97266       17.90424       18.01547       18.11478       17.93979       17.71704       17.67911       17.98859    
 1981   18.43518       18.62280       18.51529       18.25589       17.99500       17.91138       18.05249       18.15353       17.96497       17.73859       17.70816       17.99539    
 1982   18.45715       18.63937       18.54559       18.27899       18.02911       17.92230       18.05298       18.12366       17.89047       17.61346       17.57742       17.83145    
 1983   18.25757       18.46274       18.34326       18.11215       17.88248       17.80911       17.92209       18.01697       17.83228       17.62689       17.60638       17.89468    
 1984   18.33142       18.52365       18.40643       18.14987       17.91202       17.86203       17.96741       18.08026       17.90488       17.70004       17.67987       17.97699    
 1985   18.39359       18.55661       18.46448       18.20535       17.96353       17.89069       18.04868       18.14090       17.95261       17.73279       17.70145       18.00360    
 1986   18.42114       18.59152       18.46829       18.20877       17.97122       17.89258       18.04462       18.15475       17.96729       17.72452       17.69739       17.96304    
 1987   18.37119       18.56973       18.48016       18.23734       18.01483       17.95120       18.04800       18.17404       18.01675       17.79153       17.74670       18.02032    
 1988   18.44757       18.63547       18.54440       18.29980       18.05121       17.99438       18.14392       18.22989       18.05188       17.80692       17.75107       18.03937    
 1989   18.44864       18.63504       18.54187       18.28857       18.05621       17.98557       18.13455       18.26657       18.08835       17.83084       17.79590       18.05554    
 1990   18.46762       18.67288       18.55911       18.35580       18.11044       18.06360       18.18997       18.28680       18.13358       17.88504       17.89154       18.18274    
 1991   18.62360       18.81583       18.68066       18.40973       18.16736       18.09244       18.18652       18.24915       18.03427       17.75357       17.68164       17.90848    
 1992   18.29965       18.48349       18.39767       18.14246       17.90158       17.80405       17.95468       18.03320       17.86682       17.64752       17.63742       17.95328    
 1993   18.39117       18.55988       18.45697       18.20892       17.96957       17.89294       18.05548       18.12781       17.95682       17.75299       17.74826       18.06885    
 1994   18.52527       18.67438       18.57513       18.30972       18.04572       17.99673       18.10849       18.20071       18.04352       17.80359       17.78387       18.05704    
 1995   18.48364       18.67169       18.55032       18.32858       18.09399       18.02304       18.16006       18.28876       18.11700       17.86963       17.84888       18.15915    
 1996   18.55960       18.76453       18.63904       18.38156       18.13724       18.06970       18.19754       18.30109       18.10022       17.84332       17.82233       18.11713    
 1997   18.52640       18.72983       18.61832       18.37976       18.12500       18.06281       18.21115       18.32162       18.14056       17.92038       17.89404       18.21976    
 1998   18.61710       18.78949       18.70377       18.43552       18.17606       18.09686       18.24374       18.36072       18.18539       17.92426       17.87195       18.14655    
 1999   18.57037       18.74338       18.64890       18.41620       18.15707       18.09097       18.22742       18.33200       18.16251       17.91364       17.87192       18.18460    
 2000   18.61157       18.78824       18.68475       18.44510       18.21243       18.16394       18.31058       18.42902       18.21875       18.00916       17.99582       18.28049    
 2001   18.68433       18.87137       18.75354       18.49133       18.24817       18.18219       18.29718       18.41470       18.22476       18.00348       17.95587       18.25870    
 2002   18.69531       18.85486       18.74576       18.49017       18.23901       18.15936       18.30170       18.42877       18.24185       18.03094       18.00412       18.28360    
 2003   18.68204       18.91867       18.80444       18.55505       18.31290       18.25211       18.40317       18.52078       18.34308       18.09586       18.08884       18.40051    
 2004   18.85196       19.03461       18.90082       18.61044       18.35583       18.25925       18.39014       18.47421       18.28149       18.03741       18.00388       18.28455    
 2005   18.72607       18.90463       18.80035       18.54333       18.29938       18.21402       18.35138       18.45230       18.29834       18.06873       18.03003       18.33655    
 2006   18.74170       18.94000       18.81476       18.56839       18.29486       18.24026       18.37488       18.44894       18.29376       18.04614       18.02786       18.29099    
 2007   18.72809       18.91306       18.80606       18.56989       18.30759       18.23807       18.40671       18.49542       18.31305       18.07211       18.02832       18.29895    
 2008   18.70383       18.89331       18.79102       18.52899       18.31503       18.22397       18.35828       18.47372       18.29852       18.04984       18.03268       18.31516    
 2009   18.74097       18.92874       18.82645       18.55197       18.32483       18.27301       18.43365       18.52216       18.33707       18.07227       18.04651       18.32358    
 2010   18.74567       18.94043       18.84076       18.55969       18.31470       18.25885       18.43430       18.51959       18.33182       18.08704       18.04681       18.35361    
 2011   18.81198       18.96503       18.86630       18.60727       18.35831       18.30740       18.43704       18.52182       18.33984       18.10800       18.06427       18.34045    
 2012   18.77756       18.96323       18.85022       18.57837       18.34857       18.30005       18.44431       18.56323       18.37994       18.12103       18.10458       18.37244    
 2013   18.78766       18.98904       18.85858       18.59491       18.35248       18.30338       18.43188       18.56100       18.36127       18.13162       18.09854       18.37082    
 2014   18.79721       19.00195       18.88504       18.62610       18.39658       18.31430       18.44247       18.56570       18.39737       18.15030       18.12469       18.42319    
 2015   18.84988       19.01019       18.90521       18.66141       18.41458       18.32983       18.46533       18.58548       18.41580       18.16141       18.13016       18.39484    
 2016   18.81793       19.00360       18.90930       18.63638       18.41333       18.33994       18.48132       18.59360       18.39548       18.16843       18.14105       18.39963    
 2017   18.86591       19.01239       18.90451       18.65125       18.42572       18.39792       18.52646       18.63776       18.46896       18.23642       18.18265       18.46426    
 2018   18.88565       19.04898       18.96149       18.69696       18.45889       18.38245       18.53531       18.64542       18.47119       18.19766       18.17258       18.42114    
 2019   18.84778       19.03085       18.94348       18.68466       18.44745       18.40677       18.55017       18.66968       18.48874       18.25171       18.22064       18.52643    
 2020   18.90134       19.07788       18.97565       18.73758       18.49088       18.41214       18.55963       18.68515       18.49451       18.25320       18.23624       18.51840    
 2021   18.97318       19.12057       18.98712       18.73401       18.50641       18.44882       18.59161       18.73111       18.54031       18.28510       18.25412       18.54172    
 2022   18.95905       19.15771       19.02563       18.77917       18.55374       18.48566       18.63046       18.70120       18.51987       18.25937       18.21970       18.49039    
 2023   18.94766       19.10330       18.98145       18.72266       18.47897       18.42599       18.57846       18.71323       18.51501       18.26483       18.24252       18.55545    
 2024   18.99274       19.19214       19.05267       18.76947       18.51419       18.43307       18.59311       18.70709       18.51041       18.27209       18.23993       18.54974    
 2025   18.98767       19.17804       19.06769       18.80185       18.56870       18.49005       18.62836       18.75571       18.55823       18.28943       18.24380       18.51672    
 2026   18.93939       19.11734       19.01743       18.75833       18.54504       18.47064       18.64346       18.76080       18.58969       18.34131       18.33444       18.63535    
 2027   19.05231       19.26544       19.14792       18.85590       18.60629       18.52917       18.66733       18.78738       18.62173       18.37210       18.31705       18.59793    
 2028   19.04413       19.21475       19.09866       18.82184       18.58566       18.52451       18.68002       18.79767       18.62714       18.39264       18.35367       18.65918    
 2029   19.09375       19.30051       19.16904       18.92816       18.68503       18.61237       18.75250       18.86075       18.67114       18.43658       18.40341       18.72516    
 2030   19.16562       19.32162       19.19357       18.91827       18.65964       18.58664       18.74323       18.85849       18.67480       18.42184       18.35367       18.68063    
 2031   19.11218       19.31155       19.18121       18.91934       18.68018       18.60175       18.77972       18.90817       18.73663       18.48862       18.44037       18.73117    
 2032   19.15680       19.33942       19.23453       18.94800       18.71536       18.67514       18.85178       18.99121       18.80438       18.53824       18.50974       18.81146    
 2033   19.26971       19.39447       19.26266       18.99240       18.73575       18.64706       18.81091       18.90851       18.73694       18.47574       18.43625       18.69406    
 2034   19.12433       19.31897       19.19888       18.94052       18.70117       18.63727       18.79596       18.93649       18.76880       18.50058       18.50119       18.77167    
 2035   19.18472       19.38293       19.26282       18.97873       18.74567       18.69467       18.83997       18.97327       18.78931       18.55682       18.50458       18.79944    
 2036   19.19693       19.35477       19.26282       18.97836       18.76273       18.70065       18.88229       19.03485       18.83887       18.59213       18.58917       18.89276    
 2037   19.32333       19.46506       19.34158       19.08344       18.83484       18.78259       18.92322       19.08374       18.88483       18.62698       18.60248       18.89886    
 2038   19.30664       19.46017       19.34708       19.07935       18.83307       18.78256       18.95865       19.12827       18.90576       18.65686       18.61862       18.89417    
 2039   19.33807       19.49423       19.38358       19.13660       18.88638       18.83661       19.00540       19.12982       18.94281       18.68576       18.63644       18.93878    
 2040   19.37164       19.53491       19.42203       19.14297       18.91714       18.88498       19.04803       19.19318       19.01099       18.72113       18.71744       19.01135    
 2041   19.46512       19.62363       19.50970       19.22205       18.97433       18.92374       19.09854       19.22733       19.03476       18.76944       18.74237       19.04581    
 2042   19.48032       19.64816       19.46844       19.19882       18.94882       18.91098       19.08060       19.17792       18.98572       18.73401       18.70938       19.02615    
 2043   19.44424       19.60092       19.50018       19.21280       18.97672       18.93002       19.07614       19.21777       19.02405       18.77283       18.74664       19.06546    
 2044   19.50388       19.67899       19.51660       19.24615       19.00198       18.95752       19.15527       19.30319       19.09842       18.82739       18.77466       19.10571    
 2045   19.52679       19.69302       19.53027       19.27603       19.02817       18.99765       19.17081       19.29288       19.09961       18.81543       18.78262       19.12601    
 2046   19.52377       19.69058       19.54681       19.28668       19.03491       18.99902       19.15524       19.27368       19.10544       18.81635       18.77997       19.09521    
 2047   19.51370       19.67841       19.56171       19.28278       19.02975       19.00751       19.18951       19.34024       19.17816       18.88440       18.86673       19.19073    
 2048   19.58099       19.77130       19.63101       19.36533       19.10367       19.07034       19.24142       19.36673       19.17368       18.89999       18.85843       19.15826    
 2049   19.61087       19.78003       19.63177       19.35022       19.12442       19.07825       19.26563       19.39651       19.21243       18.93274       18.89301       19.20459    
 2050   19.62268       19.78610       19.67499       19.38168       19.13831       19.09323       19.26978       19.42563       19.22180       18.95642       18.91473       19.18829    
 2051   19.62637       19.80582       19.66064       19.40005       19.16290       19.11209       19.27689       19.42743       19.24350       18.97165       18.92877       19.23871    
 2052   19.65366       19.82666       19.71719       19.43719       19.18808       19.13480       19.31342       19.47028       19.29010       19.02582       18.98877       19.28329    
 2053   19.73309       19.91263       19.76523       19.50833       19.26767       19.23233       19.41959       19.57520       19.37695       19.10464       19.07184       19.37799    
 2054   19.78421       19.96118       19.80640       19.54431       19.29218       19.25803       19.44156       19.59872       19.37769       19.08392       19.02567       19.34140    
 2055   19.77258       19.93478       19.83862       19.55267       19.30066       19.26334       19.44440       19.60754       19.41138       19.13831       19.09985       19.39804    
 2056   19.81754       19.97415       19.82803       19.57779       19.36127       19.30811       19.48972       19.64566       19.47180       19.15970       19.12909       19.44479    
 2057   19.86472       19.98349       19.87680       19.59222       19.35516       19.33054       19.50687       19.66876       19.44321       19.14670       19.10294       19.40833    
 2058   19.81534       19.98221       19.83356       19.57956       19.35080       19.33139       19.53934       19.71124       19.44931       19.20425       19.14957       19.47614    
 2059   19.89935       20.07376       19.90079       19.63046       19.38873       19.34283       19.53799       19.68747       19.51352       19.19946       19.15887       19.47549    
 2060   19.89072       20.03137       19.90344       19.63058       19.39600       19.35452       19.55673       19.72757       19.51935       19.24438       19.20380       19.49393    
 2061   19.91568       20.10019       19.95200       19.68628       19.48065       19.45212       19.62250       19.81146       19.61905       19.32068       19.25015       19.54312    
 2062   19.96448       20.09869       19.96289       19.69461       19.47244       19.44540       19.68158       19.83401       19.64142       19.33728       19.30383       19.60693    
 2063   20.02411       20.18280       20.02661       19.74625       19.52832       19.50287       19.71924       19.87668       19.65988       19.37939       19.29416       19.61349    
 2064   20.05728       20.24100       20.09601       19.79709       19.58139       19.55161       19.74799       19.93274       19.72141       19.42984       19.37643       19.69971    
 2065   20.13889       20.28574       20.12076       19.83426       19.59167       19.56876       19.79495       19.92337       19.73090       19.42712       19.37949       19.67502    
 2066   20.09113       20.27405       20.14413       19.85907       19.62610       19.58514       19.78055       19.93085       19.75577       19.47620       19.44046       19.73077    
 2067   20.14706       20.31650       20.15598       19.87296       19.66730       19.61002       19.84845       19.99020       19.80286       19.51492       19.47021       19.76825    
 2068   20.19400       20.36438       20.21786       19.93015       19.70239       19.65973       19.87012       20.04465       19.86093       19.57153       19.51978       19.83408    
 2069   20.25223       20.37378       20.23123       19.96112       19.74570       19.70621       19.93188       20.09698       19.88580       19.56140       19.52802       19.81412    
 2070   20.25211       20.40836       20.24332       19.97595       19.75687       19.73557       19.98447       20.16217       19.94034       19.63855       19.58020       19.86258    
 2071   20.29987       20.42801       20.26883       20.00824       19.77005       19.73849       19.97754       20.12067       19.92444       19.65283       19.59012       19.92899    
 2072   20.34250       20.52457       20.34641       20.07379       19.85260       19.81091       20.07910       20.25229       20.02252       19.71234       19.66281       19.96414    
 2073   20.34210       20.49286       20.32367       20.05475       19.82846       19.78348       20.03348       20.20831       19.98007       19.69531       19.62750       19.93323    
 2074   20.39053       20.54962       20.41156       20.12097       19.89423       19.87457       20.10941       20.29962       20.10190       19.79822       19.74460       20.06995    
 2075   20.47610       20.62872       20.44907       20.16992       19.94864       19.93686       20.13797       20.31613       20.10828       19.79938       19.73410       20.00003    
 2076   20.44543       20.57999       20.44382       20.16565       19.93643       19.93054       20.17181       20.33313       20.12894       19.85565       19.82416       20.15207    
 2077   20.54639       20.73038       20.55371       20.28253       20.05402       20.04120       20.30499       20.42691       20.21506       19.90814       19.84558       20.15286    
 2078   20.55585       20.71335       20.57062       20.28888       20.05865       20.05795       20.31366       20.46130       20.25073       19.93851       19.89777       20.17172    
 2079   20.53952       20.72086       20.56653       20.28363       20.07870       20.03735       20.30316       20.43774       20.26407       19.97183       19.91241       20.23102    
 2080   20.62582       20.81802       20.64230       20.34177       20.11002       20.10144       20.31836       20.50540       20.29468       19.99631       19.94025       20.25659    
 2081   20.62259       20.79016       20.62665       20.34918       20.13910       20.14127       20.38873       20.54129       20.31586       20.00717       19.96146       20.28949    
 2082   20.64108       20.81058       20.66180       20.37915       20.17111       20.15729       20.39835       20.59433       20.36533       20.06650       20.02850       20.35773    
 2083   20.76846       20.86380       20.74234       20.45740       20.22647       20.21899       20.45596       20.64639       20.44040       20.12881       20.07193       20.38132    
 2084   20.81946       20.94315       20.77118       20.48499       20.27963       20.25485       20.48874       20.63382       20.44745       20.12857       20.08121       20.39764    
 2085   20.75446       20.90295       20.72980       20.43127       20.22220       20.20999       20.49130       20.65518       20.45737       20.15314       20.07251       20.39398    
 2086   20.79504       20.97949       20.81836       20.54086       20.33228       20.31857       20.59125       20.76718       20.56558       20.25485       20.20297       20.52988    
 2087   20.95178       21.08810       20.89822       20.62271       20.38419       20.39026       20.65002       20.82349       20.59128       20.27499       20.16269       20.42996    
 2088   20.85016       21.00122       20.86487       20.59622       20.38342       20.36728       20.64334       20.77957       20.55759       20.27252       20.23236       20.57071    
 2089   20.98874       21.12234       20.93405       20.61987       20.38623       20.37390       20.64609       20.80225       20.56155       20.26096       20.21985       20.52240    
 2090   20.95313       21.06479       20.90939       20.64624       20.40912       20.45236       20.73331       20.91660       20.69028       20.40146       20.37357       20.68927    
 2091   21.06833       21.21793       21.04703       20.74881       20.53046       20.53229       20.80576       20.96304       20.72934       20.39517       20.31232       20.59201    
 2092   21.03470       21.14020       21.00864       20.71667       20.52097       20.54703       20.83755       21.00781       20.78076       20.48090       20.43314       20.76822    
 2093   21.15771       21.25882       21.11841       20.82654       20.59949       20.62317       20.86917       21.07092       20.80539       20.46655       20.41266       20.74036    
 2094   21.18784       21.29788       21.13705       20.83173       20.61090       20.61853       20.90567       21.06400       20.82495       20.52783       20.48343       20.75598    
 2095   21.14578       21.28055       21.11459       20.83157       20.63208       20.62976       20.90118       21.06186       20.81442       20.50516       20.45215       20.75098    
 2096   21.18933       21.28064       21.14398       20.87784       20.67776       20.71619       20.99478       21.15973       20.90817       20.63202       20.61191       20.91061    
 2097   21.29068       21.41235       21.25616       20.97348       20.74817       20.79715       21.06219       21.19656       20.96310       20.62955       20.56009       20.83737    
 2098   21.25421       21.38571       21.21027       20.91614       20.72208       20.75159       21.01987       21.18945       20.96088       20.67728       20.61679       20.93149    
 2099   21.33203       21.48087       21.32706       21.02118       20.78510       20.80182       21.09106       21.24707       21.01230       20.70496       20.64978       20.93118    
 2100   21.32306       21.47675       21.29742       20.99829       20.79611       20.84351       21.11084       21.26883       21.02863       20.73779       20.67850       20.98337    
