# using minimal fraction of valid points 30.00
# tas [K] from GFDL CM2.0, 20C3M (run 1) climate of the 20th Century experiment (20C3M) output for IPCC AR4 and US CCSP r1i0p0
# cutting out region lon=    0.000  360.000, lat=  -90.000   90.000
 1861   283.3181       283.6745       284.1798       285.1520       286.4514       287.2006       287.3842       287.1609       286.3696       285.1137       284.0061       283.2784    
 1862   283.0602       283.3899       284.2628       285.2937       286.4516       287.1361       287.3451       287.0751       286.3471       285.0274       284.0668       283.1830    
 1863   283.3548       283.7823       284.4100       285.4152       286.5644       287.2811       287.5318       287.2665       286.2655       285.2016       283.9146       283.1665    
 1864   283.3068       283.8159       284.3365       285.3091       286.5108       287.3744       287.5719       287.2791       286.4510       285.3344       284.1369       283.4339    
 1865   283.5857       283.7454       284.3847       285.3429       286.5838       287.3655       287.4624       287.1214       286.4166       285.0683       283.8115       283.0773    
 1866   283.3474       283.6758       284.3854       285.2553       286.3689       287.2377       287.4282       287.2589       286.2335       285.0775       284.0312       283.4257    
 1867   283.2073       283.5797       284.3000       285.2863       286.6451       287.2771       287.4348       287.1570       286.3557       285.2185       283.9970       283.3247    
 1868   283.4536       283.8341       284.8110       285.5571       286.6419       287.4865       287.6319       287.3578       286.4933       285.0966       284.1143       283.4225    
 1869   283.1756       283.8067       284.7953       285.4965       286.5464       287.3226       287.6106       287.2038       286.4385       285.3408       284.3155       283.6705    
 1870   283.7189       283.9758       284.8542       285.7289       286.7176       287.2850       287.6209       287.2254       286.3553       285.2906       284.1639       283.5997    
 1871   283.4939       283.7756       284.5479       285.4360       286.5478       287.3519       287.5975       287.1838       286.4722       285.2061       284.1024       283.3389    
 1872   283.3923       283.9593       284.6672       285.6363       286.6945       287.4304       287.6326       287.3194       286.5865       285.3712       284.2635       283.5667    
 1873   283.6419       283.8826       284.5172       285.5460       286.6506       287.3753       287.6258       287.2411       286.5431       285.3836       284.1003       283.4386    
 1874   283.3577       283.5484       284.3080       285.3559       286.4478       287.3800       287.5555       287.1286       286.3141       285.1328       283.8536       283.2999    
 1875   283.3667       283.7188       284.2018       285.3889       286.5699       287.3329       287.5242       287.2570       286.3933       285.1271       283.8636       283.4288    
 1876   283.2310       283.6365       284.6104       285.3435       286.5218       287.3339       287.5953       287.3754       286.4817       285.4574       284.2460       283.6992    
 1877   283.7412       284.0035       284.5779       285.5216       286.6821       287.4698       287.6524       287.1215       286.2628       285.1077       283.9662       283.2105    
 1878   283.2651       283.7549       284.2654       285.1903       286.3208       287.1029       287.3852       287.1141       286.3069       285.1269       283.8953       283.2975    
 1879   283.0743       283.8049       284.6219       285.4152       286.6018       287.2997       287.5583       287.3462       286.3303       285.1871       283.9894       283.2640    
 1880   283.2253       283.6042       284.1938       285.3660       286.4553       287.2530       287.2229       286.9717       285.9853       284.7580       283.7673       282.9061    
 1881   282.8651       283.2138       284.2457       285.1921       286.1340       287.0423       287.2770       286.9864       286.2646       285.0758       283.8883       283.2322    
 1882   283.1096       283.6647       284.3723       285.2344       286.3893       287.2558       287.4188       287.2894       286.5524       285.1603       284.0452       283.5345    
 1883   283.4183       284.0520       284.7014       285.4223       286.5663       287.4467       287.5796       287.1503       286.2592       285.0051       283.7550       283.3254    
 1884   283.0399       283.5096       283.9158       284.8055       285.9755       286.6555       286.9127       286.6724       285.9314       284.5454       283.4210       282.7068    
 1885   282.8954       283.5406       283.8601       284.9198       286.0459       286.9374       287.0082       286.7746       285.8713       284.6213       283.4141       282.8876    
 1886   282.8701       283.2478       284.0051       285.1068       286.1974       286.9516       287.2541       286.7733       286.1000       285.0233       283.8145       283.0369    
 1887   283.1909       283.5744       284.3269       285.3424       286.3815       287.1445       287.2120       286.8414       286.0245       284.7804       283.6850       282.7582    
 1888   282.8183       283.3202       284.2200       284.9519       286.1101       286.9687       287.3014       286.7053       285.8999       284.8415       283.5002       282.9485    
 1889   282.9576       283.2147       283.8470       284.8284       285.9690       286.7390       286.8351       286.6115       285.8032       284.7495       283.5009       282.8709    
 1890   282.5417       283.1491       283.9078       284.8183       285.9930       286.8549       287.1270       286.8326       286.1102       284.7959       283.7597       283.1606    
 1891   283.0739       283.4604       284.2437       285.0016       286.2405       287.0649       287.2136       286.9479       286.0619       284.9434       283.8293       283.3676    
 1892   283.3435       283.5377       284.2793       285.2606       286.3179       287.0442       287.3351       286.9652       286.1468       284.7584       283.8084       283.0052    
 1893   283.0687       283.4173       284.1794       285.3908       286.4946       287.1903       287.3511       287.0027       286.0935       284.8873       283.9199       283.0408    
 1894   283.2237       283.7030       284.4736       285.4538       286.3916       287.1971       287.4045       287.2035       286.1953       284.9452       283.9395       283.4185    
 1895   283.3318       283.5629       284.5554       285.5532       286.5175       287.3416       287.5054       287.0447       286.1946       285.1781       283.9752       283.4507    
 1896   283.3769       283.8552       284.6114       285.3929       286.3928       287.1915       287.4770       287.0985       286.2634       285.1711       284.0556       283.2637    
 1897   283.1711       283.5190       284.0580       285.2736       286.1784       286.9104       287.1920       287.0120       286.2687       284.9505       283.7228       283.1887    
 1898   282.9642       283.3899       283.9754       284.9837       286.3285       287.1129       287.2046       286.9631       286.0957       284.6821       283.7878       283.1779    
 1899   282.9682       283.4467       284.3290       285.2023       286.2925       287.0820       287.3478       287.0400       286.1483       284.8960       283.8062       283.3239    
 1900   283.3806       283.6022       284.3275       285.3057       286.5189       287.2385       287.4366       287.1437       286.3129       285.0316       284.0992       283.6244    
 1901   283.2102       283.4789       284.0749       285.1069       286.4509       287.0639       287.4833       287.0426       286.1407       285.0787       283.8432       283.2029    
 1902   283.0863       283.3979       283.9128       285.0851       286.2560       287.1183       287.2288       286.9781       285.9655       284.9537       283.7063       283.2484    
 1903   282.9566       283.1632       283.9003       284.8411       286.0796       286.8820       287.0764       286.7156       285.9272       284.9224       283.6559       282.9867    
 1904   283.0499       283.4227       284.1519       285.0126       286.1358       286.9043       287.1227       286.8479       285.9231       284.5678       283.5654       282.8604    
 1905   283.1213       283.2841       284.0563       285.0930       286.3328       287.0578       287.1754       287.0312       286.0972       284.8219       283.9177       283.4351    
 1906   283.3970       283.8627       284.4895       285.3323       286.5811       287.2253       287.2207       286.8400       285.9366       284.7923       283.6077       282.7490    
 1907   282.5768       282.8032       283.6083       284.8891       286.1295       286.8193       287.0746       286.9751       286.1952       285.0274       283.8890       283.1688    
 1908   283.1026       283.5711       284.2166       285.2704       286.2105       287.1406       287.1935       286.8047       285.8781       284.7885       283.7875       282.8805    
 1909   282.7436       282.9312       283.8824       284.9942       286.0504       286.8933       287.0625       286.7202       285.9718       284.7639       283.7042       283.0730    
 1910   283.1326       283.4113       284.3997       285.2442       286.4564       287.1656       287.2432       286.7559       285.9827       284.8574       283.5374       282.8772    
 1911   282.8632       283.4323       284.1125       285.0088       286.1974       287.0362       287.2554       287.0301       286.1658       284.8021       283.8286       283.0423    
 1912   282.9150       283.2110       284.3565       285.1278       286.3143       287.0498       287.1735       286.6710       286.0352       284.9762       283.7101       283.1768    
 1913   283.0637       283.4761       284.0859       285.2604       286.4086       287.2552       287.3236       286.8554       286.0513       284.6753       283.7766       282.9571    
 1914   282.9688       283.2590       283.9262       285.1566       286.2086       287.0193       287.4412       286.9119       285.9999       284.8273       283.9724       282.9597    
 1915   283.0269       283.6277       284.1654       285.0469       286.2252       287.0565       287.3017       287.0006       285.9173       284.8399       283.9484       283.3474    
 1916   282.9277       283.4072       283.8431       285.1297       286.2839       287.1804       287.3765       287.1250       286.0711       284.8531       283.7948       283.1229    
 1917   283.0825       283.5271       284.4595       285.6681       286.6208       287.2557       287.3744       287.0833       286.3956       285.1401       283.9153       283.3052    
 1918   283.2035       283.5553       284.2408       285.4378       286.4096       287.1191       287.2109       287.0300       286.0648       285.0533       283.8318       283.0818    
 1919   283.0703       283.6409       284.1747       285.2347       286.3658       287.1512       287.4107       287.0602       286.2065       285.0917       284.0821       283.4483    
 1920   283.4368       283.8352       284.5255       285.5232       286.5362       287.3548       287.4716       287.0433       286.1707       285.2093       283.9785       283.3348    
 1921   283.2823       283.6402       284.5022       285.4695       286.5519       287.2060       287.2875       287.1794       286.3267       284.9892       283.9877       283.3203    
 1922   283.3050       283.8111       284.5232       285.3344       286.4234       287.2512       287.4324       287.0268       286.4425       285.2437       284.1697       283.6770    
 1923   283.3343       283.8032       284.6775       285.6958       286.6515       287.3691       287.5435       287.2515       286.3585       285.1717       284.2968       283.5748    
 1924   283.6179       284.1144       284.4284       285.3874       286.5007       287.3841       287.7662       287.3044       286.5775       285.3199       284.2253       283.5275    
 1925   283.5786       283.8305       284.5881       285.5992       286.6413       287.4353       287.7424       287.3892       286.4272       285.2762       284.1498       283.4850    
 1926   283.6889       283.8354       284.5887       285.4494       286.5383       287.5308       287.7321       287.5070       286.5871       285.3980       284.3463       283.9491    
 1927   283.7790       284.1534       284.8176       285.7428       286.8670       287.5765       287.7754       287.3967       286.5819       285.4120       284.3812       283.8308    
 1928   283.7924       284.1333       284.8162       285.7417       286.6921       287.5603       287.7275       287.3950       286.5233       285.3853       284.2611       283.7899    
 1929   283.6642       283.9932       284.6864       285.5562       286.5869       287.3016       287.5400       287.6171       286.4665       285.4139       284.1839       283.7509    
 1930   283.6325       284.0030       284.6553       285.6470       286.6447       287.3365       287.6592       287.1800       286.3927       285.0615       283.9669       283.3397    
 1931   283.2627       283.6123       284.3609       285.4077       286.5616       287.3129       287.4785       287.1657       286.2222       284.9937       283.9772       283.5898    
 1932   283.5198       283.8496       284.7614       285.6264       286.7164       287.4393       287.5523       287.1626       286.4044       285.2163       284.0081       283.3975    
 1933   283.4076       283.5699       284.1330       285.3834       286.4811       287.2923       287.5814       287.2839       286.4240       285.1501       284.0877       283.4742    
 1934   283.3552       283.7327       284.4458       285.3237       286.7633       287.4355       287.5724       287.2687       286.4660       285.1830       284.0502       283.3402    
 1935   283.4267       283.5176       284.3336       285.4135       286.4873       287.3468       287.5281       287.2298       286.3695       285.2217       284.2060       283.5721    
 1936   283.5907       283.8341       284.4618       285.4698       286.4930       287.4025       287.5933       287.2300       286.3910       285.2669       284.1770       283.3054    
 1937   283.3426       284.0127       284.4704       285.2282       286.4312       287.3060       287.4940       287.1380       286.3781       285.3285       284.3693       283.6133    
 1938   283.6567       283.9944       284.6578       285.6860       286.8297       287.5675       287.6958       287.4419       286.3926       285.1796       284.2011       283.5281    
 1939   283.5259       283.7753       284.4100       285.4529       286.5306       287.3636       287.5321       287.2375       286.6044       285.1833       284.3270       283.6155    
 1940   283.3507       283.7395       284.3971       285.5040       286.6510       287.4520       287.5898       287.1994       286.2579       285.2149       284.0768       283.2817    
 1941   283.7766       284.0966       284.6967       285.5882       286.7055       287.4368       287.6080       287.2949       286.3080       285.2457       284.1964       283.5301    
 1942   283.2687       283.5496       284.1695       285.3223       286.3547       287.2610       287.4850       287.2752       286.4334       285.4003       284.3553       283.7356    
 1943   283.6363       284.0139       284.7809       285.6823       286.7605       287.5940       287.5862       287.2166       286.3483       285.2943       284.1172       283.3219    
 1944   283.4278       283.8790       284.3029       285.3704       286.6205       287.3528       287.6026       287.2654       286.6777       285.3965       284.4904       283.8446    
 1945   283.9861       284.4156       284.8889       285.8102       286.8815       287.5405       287.7859       287.4391       286.5469       285.5315       284.2909       283.6264    
 1946   283.6543       284.0669       284.3900       285.4785       286.5292       287.3878       287.6123       287.2942       286.5389       285.1411       284.0573       283.6374    
 1947   283.5582       283.8373       284.7328       285.5529       286.7308       287.5187       287.7938       287.4504       286.5620       285.3697       284.2906       283.7538    
 1948   283.6674       284.1404       284.8588       285.9280       286.7776       287.5966       287.7207       287.2746       286.5386       285.4168       284.4596       283.7062    
 1949   283.7285       283.9044       284.8105       285.7072       286.7559       287.5451       287.5874       287.4320       286.5243       285.3895       284.2535       283.4849    
 1950   283.6267       283.9116       284.6273       285.4273       286.5930       287.3358       287.6834       287.3097       286.4457       285.1805       284.1953       283.5511    
 1951   283.3476       284.0265       284.5140       285.7264       286.7485       287.5336       287.7520       287.3458       286.5521       285.4116       284.2952       283.4651    
 1952   283.5239       283.8929       284.5760       285.5427       286.8040       287.3462       287.6110       287.3988       286.6128       285.4632       284.1798       283.7271    
 1953   283.9355       284.1729       284.7744       285.8841       286.9229       287.5930       287.8235       287.4313       286.6335       285.7237       284.5416       283.8658    
 1954   284.1530       284.4243       284.9439       285.6207       286.7234       287.7050       287.9797       287.5450       286.6656       285.5404       284.5688       283.8199    
 1955   284.0123       284.2645       284.9562       285.8575       286.9926       287.7286       287.8845       287.6654       286.8444       285.6408       284.4553       283.7986    
 1956   283.9509       284.1631       284.9100       285.9256       286.9324       287.7694       288.0088       287.6680       286.8665       285.6708       284.3800       283.7140    
 1957   283.5936       284.1819       284.6579       285.7642       286.8362       287.6139       287.7669       287.4572       286.6813       285.6692       284.3647       283.8391    
 1958   283.7588       284.1707       284.6682       285.6673       286.6786       287.6583       287.6975       287.5150       286.6358       285.4505       284.2311       283.8980    
 1959   283.8484       284.1670       284.9995       285.8940       287.0278       287.8346       287.9272       287.5779       286.7399       285.6541       284.5113       283.7958    
 1960   283.8819       283.9029       284.6009       286.0631       287.0038       287.8664       287.9248       287.6685       286.8220       285.5943       284.5682       283.8341    
 1961   283.6450       284.3072       284.9090       285.9212       286.9485       287.7349       287.8890       287.5817       286.7621       285.3966       284.3997       283.9162    
 1962   284.0014       284.0797       284.7349       285.6158       286.7563       287.5250       287.8828       287.4619       286.6425       285.3819       284.2327       283.7616    
 1963   283.5252       284.1453       284.8062       285.8964       286.9860       287.7868       288.0777       287.7540       286.7607       285.6959       284.5015       283.8243    
 1964   283.8884       284.1733       284.8495       286.0399       287.0673       287.7143       287.7231       287.2414       286.3648       285.2463       284.0607       283.4247    
 1965   283.3054       283.5411       284.2601       285.4522       286.2924       287.1998       287.5354       287.3056       286.6010       285.3703       284.2581       283.8071    
 1966   283.7856       284.0727       284.8934       285.8678       286.7892       287.5392       287.8797       287.6147       286.6063       285.6035       284.5029       283.5948    
 1967   283.6397       284.0146       284.8555       285.7272       286.9619       287.7079       287.8253       287.4855       286.7221       285.6340       284.4250       283.8713    
 1968   283.6993       284.2761       284.9704       285.9543       287.0890       287.7136       287.9269       287.6129       286.7642       285.6621       284.4498       284.0567    
 1969   283.7495       284.3081       284.8784       285.8998       286.8960       287.6363       287.9207       287.5529       286.7428       285.3351       284.3313       283.8860    
 1970   283.7198       283.9770       284.8316       285.7329       286.6646       287.3745       287.6225       287.3241       286.7509       285.6148       284.4141       283.9602    
 1971   283.7197       283.9490       284.6409       285.6207       286.8322       287.5654       287.7191       287.3360       286.4908       285.4272       284.1754       283.4641    
 1972   283.4411       284.0197       284.7061       285.5605       286.6517       287.4719       287.7757       287.4459       286.5998       285.4133       284.0962       283.5090    
 1973   283.5649       284.0259       284.7057       285.7743       286.9836       287.6755       287.7877       287.3877       286.5882       285.3817       284.4607       283.5967    
 1974   283.8980       284.0369       284.9032       285.8063       287.0058       287.7873       287.8902       287.5689       286.8153       285.6756       284.6461       283.8457    
 1975   283.6411       284.2768       284.8560       285.8763       286.8867       287.4243       287.6660       287.2115       286.4324       285.3011       284.0964       283.4663    
 1976   283.6345       283.8367       284.2899       285.4064       286.4420       287.3502       287.6084       287.4943       286.6653       285.3792       284.4601       283.4858    
 1977   283.5512       284.0761       284.6432       285.7080       286.7980       287.6315       287.7744       287.4325       286.6200       285.4209       284.2476       283.6498    
 1978   283.7770       284.1057       284.6846       285.6711       286.8372       287.5648       287.8219       287.4990       286.5137       285.4738       284.2169       283.4114    
 1979   283.5309       283.8486       284.6866       285.6624       286.7935       287.5811       287.8253       287.3931       286.5753       285.3958       284.3223       283.6059    
 1980   283.4968       283.6011       284.6757       285.5678       286.8061       287.5698       287.8275       287.5392       286.7243       285.6188       284.6772       283.9880    
 1981   284.1387       284.4498       285.2185       286.0804       287.1084       287.8027       287.8683       287.5553       286.7064       285.5783       284.3647       283.6348    
 1982   283.4636       283.7498       284.6073       285.5767       286.7118       287.5732       287.8013       287.5307       286.7236       285.1814       284.1174       283.4860    
 1983   283.5948       283.9562       284.6428       285.4705       286.7810       287.2934       287.4420       287.1545       286.4383       285.1340       284.1035       283.5826    
 1984   283.5571       284.0153       284.2242       285.3972       286.5309       287.4431       287.6530       287.4183       286.5207       285.3010       284.3479       283.6294    
 1985   283.4627       283.8527       284.7453       285.5956       286.8452       287.7054       287.7582       287.4726       286.5083       285.3636       284.2614       283.5722    
 1986   283.5829       283.7888       284.4984       285.6889       286.6954       287.4951       287.6930       287.4019       286.6078       285.3753       284.4361       283.6273    
 1987   283.5634       284.0391       284.8537       285.9288       286.9703       287.8573       288.0651       287.7208       286.5963       285.4760       284.5292       283.9055    
 1988   283.8938       284.1556       285.0077       285.9348       287.1949       287.8836       288.0048       287.6443       286.8174       285.4292       284.3818       283.9903    
 1989   283.9367       284.4363       284.8844       285.8936       287.1602       287.9009       288.0088       287.6606       286.7510       285.4556       284.4963       283.8197    
 1990   283.8791       284.1571       284.7141       285.7970       286.9317       287.7219       287.9478       287.6098       286.9379       285.8610       284.8839       284.2822    
 1991   284.2150       284.2353       285.1416       286.1015       287.1652       287.9592       288.1599       287.6725       286.8208       285.5499       284.3181       283.7782    
 1992   283.7751       284.0305       284.6440       285.4919       286.4826       287.2501       287.6617       287.3147       286.3825       285.2174       284.1705       283.4448    
 1993   283.5907       283.9578       284.7699       285.5160       286.7762       287.6657       287.6910       287.5075       286.5192       285.4753       284.3495       283.7526    
 1994   283.9433       284.1539       284.7817       285.7420       286.9154       287.8295       288.0670       287.8041       286.8510       285.8090       284.7936       284.1806    
 1995   284.2918       284.6142       285.3291       286.1291       287.1490       287.9080       288.1468       287.8556       286.9266       285.7573       284.6741       284.0470    
 1996   284.0666       284.2253       284.9288       285.9998       287.1081       287.7773       288.0941       287.9300       287.0171       285.9128       284.8876       284.2049    
 1997   284.1674       284.5263       285.2645       286.0628       287.2311       287.9762       288.1711       287.8291       287.0027       286.2064       285.0652       284.3597    
 1998   284.5465       285.1038       285.5112       286.4042       287.4015       288.1111       288.1951       287.9481       286.9094       285.8662       284.7415       284.2616    
 1999   284.1480       284.5555       285.2317       285.9534       287.1686       287.9677       288.2500       287.9062       287.1197       286.1704       285.0999       284.4343    
 2000   284.3112       284.5324       285.1512       286.2827       287.2835       288.0280       288.2560       287.8141       287.1637       286.2162       285.1038       284.4264    
 2001   284.4648       284.5302       285.2154       286.2415       287.3324       287.9241       288.0366       287.7100       286.9584       285.8870       284.7502       284.0766    
 2002   284.1307       284.5138       285.3395       286.2668       287.2078       288.0242       288.1510       287.8134       287.1129       286.2411       285.0461       284.3958    
 2003   284.3450       284.8347       285.6614       286.2842       287.4232       288.2296       288.4955       288.1329       287.2676       286.1845       285.2957       284.7354    
 2004   284.5852       284.9573       285.5827       286.2650       287.1761       287.9903       288.1657       287.9014       287.1098       285.8130       284.7615       284.0213    
 2005   283.9203       284.3315       284.9996       286.1919       287.1431       288.0242       288.3057       288.0621       287.2524       286.0993       285.0753       284.3064    
 2006   284.3618       284.7353       285.4694       286.1783       287.3055       288.1147       288.2552       287.9778       287.0710       285.9728       284.8494       284.3483    
 2007   284.0738       284.4633       285.1793       286.2303       287.4934       288.2400       288.3712       287.9986       287.2071       286.1852       285.2374       284.4953    
 2008   284.4545       284.8716       285.5721       286.2578       287.3739       288.1364       288.4796       288.0839       287.1010       285.9188       285.1313       284.1952    
 2009   284.1676       284.5315       285.3676       286.2657       287.3573       288.1702       288.4222       288.0610       287.3374       286.0807       285.1381       284.6749    
 2010   284.6135       285.0486       285.8293       286.4047       287.7257       288.2370       288.3494       287.9960       287.0750       285.9081       284.9348       284.4184    
 2011   284.3579       284.6416       285.3434       286.2522       287.3771       288.0863       288.3968       288.0161       287.3489       286.1540       285.0402       284.4005    
 2012   284.3187       284.5826       285.4869       286.3659       287.4178       288.4305       288.5701       288.2829       287.3753       286.1291       285.3845       284.5696    
 2013   284.5452       284.7724       285.4317       286.3794       287.5411       288.2808       288.6097       288.2339       287.4332       286.3303       285.2042       284.6478    
 2014   284.7000       284.8703       285.5468       286.7000       287.7149       288.3787       288.5589       288.1311       287.1933       286.2100       285.1191       284.3716    
 2015   284.4185       284.6373       285.3369       286.3669       287.4054       288.3604       288.5782       288.2201       287.3664       286.3167       285.1379       284.4044    
 2016   284.3896       284.6175       285.5021       286.4978       287.5685       288.3185       288.3983       288.0677       287.3816       286.2222       285.0775       284.4009    
 2017   284.4589       284.9642       285.5970       286.4926       287.8426       288.5274       288.8203       288.2741       287.4934       286.4684       285.3094       284.6071    
 2018   284.6375       285.2720       285.5143       286.5202       287.6547       288.4182       288.4576       288.1700       287.3711       286.2400       285.1343       284.4560    
 2019   284.1804       284.6213       285.2834       286.2204       287.2868       288.2328       288.4084       288.2416       287.3246       286.1643       284.8774       284.5450    
 2020   284.6409       284.8804       285.5470       286.6677       287.7672       288.5024       288.5602       288.2944       287.3760       286.3252       285.2727       284.5344    
 2021   284.4361       284.8344       285.6489       286.8287       287.8830       288.5918       288.7543       288.4802       287.5046       286.4675       285.1917       284.6762    
 2022   284.5566       284.9142       285.3514       286.5275       287.6374       288.3537       288.5747       288.3187       287.5477       286.4267       285.3134       284.6775    
 2023   284.6489       284.9395       285.8949       286.8161       287.9552       288.7709       288.8928       288.5271       287.6598       286.5148       285.5313       284.9226    
 2024   285.0855       285.1959       285.9153       286.7287       287.8952       288.4281       288.6291       288.2081       287.4721       286.3953       285.1254       284.4671    
 2025   284.3250       284.5949       285.3010       286.2749       287.4374       288.2253       288.5921       288.3308       287.4852       286.3422       285.0402       284.5333    
 2026   284.5656       285.0142       285.7742       286.7967       287.8554       288.5442       288.8765       288.5978       287.7698       286.6109       285.7700       285.2681    
 2027   284.8802       285.3210       285.9497       286.9218       288.0124       288.7101       289.0529       288.5922       287.6738       286.5357       285.2072       284.8165    
 2028   285.1216       285.2810       285.8752       286.9105       287.9270       288.5664       288.8704       288.4926       287.6434       286.6700       285.5557       284.7673    
 2029   284.7354       285.0042       285.7536       286.7039       287.8872       288.6674       288.9026       288.6136       287.6478       286.6388       285.6722       284.8316    
 2030   284.8078       285.0388       286.0399       286.9250       288.0806       288.6560       288.8820       288.4969       287.6136       286.4433       285.5085       284.7314    
 2031   284.7932       285.0013       285.8256       286.7395       287.9305       288.7075       288.8906       288.5145       287.6598       286.4830       285.5589       284.8823    
 2032   284.8801       285.1429       285.8652       286.8176       287.9840       288.7757       289.0273       288.6869       287.8916       286.4939       285.5151       284.9799    
 2033   284.8989       285.1990       285.8676       286.9209       287.9903       288.6900       288.9527       288.8266       287.9520       286.7412       285.5943       284.7708    
 2034   284.9862       285.2704       285.9983       286.8676       288.0506       288.6592       288.9413       288.7956       287.9277       286.9436       285.6753       285.2757    
 2035   285.1024       285.3667       286.2992       287.1322       288.2393       288.8754       289.0465       288.6320       287.8221       286.8766       285.8037       285.1431    
 2036   284.8439       285.3535       285.7747       286.9169       287.9873       288.7204       289.0471       288.6969       288.0125       286.9883       285.9157       285.3083    
 2037   285.4503       285.8041       286.5700       287.2598       288.3419       288.8694       289.1649       288.7785       287.9816       286.8471       285.6898       285.2269    
 2038   285.1745       285.1292       285.7224       286.7692       287.9145       288.6807       288.8815       288.7024       287.9237       286.8223       285.7683       285.0054    
 2039   285.0675       285.3171       286.2115       287.1616       288.2342       289.0088       289.4425       288.9978       288.3162       287.1822       285.9689       285.1654    
 2040   285.3821       285.7157       286.2318       287.1612       288.2253       288.7990       289.0215       288.8016       287.9254       286.7669       285.6626       284.8940    
 2041   284.7772       285.3411       285.8457       286.8093       287.9481       288.7074       288.9109       288.7912       288.0664       286.8828       285.7902       285.4795    
 2042   285.2165       285.4453       286.3297       287.1653       288.2517       289.0107       289.3962       289.0612       288.3255       287.2653       286.3848       285.5273    
 2043   285.4467       285.8827       286.4393       287.6920       288.7097       289.4551       289.6354       289.1125       288.3616       287.1166       285.9815       285.4276    
 2044   285.1139       285.3123       285.9229       286.8689       288.0905       288.8543       289.1467       288.9096       287.9893       286.8360       285.8359       285.1883    
 2045   284.9802       285.1415       285.8848       286.9915       288.1929       289.0096       289.2002       289.0141       288.0632       287.1874       286.2629       285.6740    
 2046   285.5637       286.0910       286.6512       287.5676       288.7492       289.3407       289.5613       289.1359       288.4179       287.2507       286.1793       285.6116    
 2047   285.5369       285.8600       286.5607       287.5636       288.5872       289.3055       289.5794       289.2553       288.4561       287.2397       286.0201       285.4845    
 2048   285.5679       285.5653       286.1400       287.1523       288.4564       289.2729       289.5476       289.4014       288.4194       287.3923       286.3120       285.4128    
 2049   285.5671       285.6776       286.3358       287.3156       288.4576       289.1539       289.4442       289.1848       288.2632       287.2238       286.0856       285.7057    
 2050   285.8122       285.8763       286.6927       287.6293       288.6278       289.4325       289.6216       289.3071       288.4841       287.2757       286.2765       285.9107    
 2051   285.9599       285.9735       286.6317       287.7570       288.6700       289.4397       289.7635       289.5080       288.5373       287.3061       286.3824       285.7075    
 2052   285.7659       285.9303       286.5481       287.3708       288.5233       289.3587       289.4371       289.3582       288.5142       287.2901       286.3483       285.6143    
 2053   285.6792       286.0265       286.7936       287.5949       288.6985       289.4654       289.6492       289.4216       288.7561       287.4814       286.5435       285.8317    
 2054   285.5655       286.0956       286.8271       287.9686       288.8915       289.6835       289.9763       289.6335       288.8975       287.6228       286.4131       285.8880    
 2055   285.7704       286.3304       286.9549       287.8568       288.9294       289.7507       289.9186       289.5969       288.7484       287.5884       286.5558       286.0739    
 2056   285.8900       286.0409       286.6055       287.5460       288.6241       289.3922       289.7347       289.5857       288.7335       287.5739       286.6361       285.9723    
 2057   285.5836       285.9786       286.8138       287.8992       288.8523       289.6845       290.0074       289.8260       288.9244       287.7965       286.7848       286.0894    
 2058   285.7227       286.1200       286.7579       287.6646       288.6830       289.4177       289.7162       289.4882       288.8840       287.6826       286.5240       285.8355    
 2059   285.6798       285.9640       286.7406       287.6150       288.7389       289.4473       289.6924       289.5939       288.7321       287.5613       286.3421       285.6855    
 2060   285.5479       285.8733       286.7646       287.6395       288.7869       289.5261       289.8152       289.6809       288.7494       287.7556       286.5671       285.9313    
 2061   285.8619       286.3665       286.8381       287.7617       288.9702       289.5951       289.7763       289.5512       288.7205       287.7807       286.5642       286.0992    
 2062   285.9276       286.1352       286.8290       287.7679       288.8616       289.5880       289.8004       289.6673       288.8218       287.7960       286.8484       286.1067    
 2063   286.0060       286.4684       287.1488       287.8020       289.0995       289.7939       290.1132       289.8401       289.0565       287.9849       286.8415       286.2673    
 2064   286.1342       286.3650       287.1714       288.0397       289.1571       289.7752       290.0041       289.6430       288.6862       287.5965       286.4768       285.8279    
 2065   285.4834       285.6510       286.4701       287.5577       288.8075       289.5544       289.8843       289.5889       288.7252       287.6527       286.6243       285.9121    
 2066   285.9223       286.1700       286.7664       287.7990       289.0837       289.7243       290.0621       289.6925       289.0197       287.9313       286.8672       286.1474    
 2067   286.1044       286.3974       286.9270       287.8584       289.1062       289.7255       290.0212       289.8940       288.9824       287.9021       286.8707       286.3014    
 2068   286.1730       286.7474       287.1607       288.0199       289.0133       289.7153       290.2533       289.9226       289.0964       288.0034       286.9448       286.4224    
 2069   286.2989       286.2449       287.1541       288.2017       289.3665       290.0852       290.2838       290.0016       289.0899       288.2069       287.0671       286.6118    
 2070   286.5988       286.8817       287.3639       288.1439       289.1645       289.9509       290.1755       290.0680       289.1771       288.1331       287.1750       286.6823    
 2071   286.5798       286.8615       287.4522       288.3855       289.3619       290.0847       290.3585       290.0156       289.1231       288.0056       286.8433       286.4114    
 2072   286.1373       286.4458       286.9746       287.8944       289.1439       289.8682       290.3798       290.0922       289.2236       288.2059       287.1209       286.5909    
 2073   286.7283       286.9546       287.3286       288.2477       289.4214       290.1942       290.4121       290.0436       289.1954       288.1324       287.2927       286.3556    
 2074   286.2068       286.7916       287.3210       288.1569       289.2939       290.0811       290.3637       290.0750       289.1761       288.1230       287.3383       286.3921    
 2075   286.4843       286.9197       287.4627       288.3968       289.3606       290.1185       290.4068       290.2798       289.3813       288.4013       287.2358       286.8247    
 2076   286.4639       286.8902       287.4356       288.2864       289.2018       289.8893       290.2719       290.0439       289.2355       288.2523       287.1308       286.5245    
 2077   286.5772       286.7743       287.6135       288.3388       289.3730       290.0849       290.4512       290.2075       289.3148       288.1680       287.2209       286.5348    
 2078   286.5379       286.7587       287.2475       288.4546       289.4454       290.2552       290.4165       290.1620       289.3178       288.5400       287.3059       286.6980    
 2079   286.8886       287.2701       287.6754       288.5437       289.4792       290.4811       290.6905       290.4457       289.6571       288.4771       287.6822       286.7321    
 2080   286.6612       286.9427       287.6554       288.3593       289.4781       290.2580       290.5257       290.3354       289.3023       288.3418       287.3764       286.7028    
 2081   286.6731       286.9841       287.4100       288.4358       289.4203       290.1433       290.4846       290.4679       289.5181       288.5514       287.5339       287.0509    
 2082   287.1383       287.1548       287.9872       288.6229       289.5020       290.3628       290.7258       290.5697       289.6165       288.6804       287.6279       287.0922    
 2083   287.1809       287.2401       287.8849       288.6893       289.8171       290.4261       290.7643       290.3998       289.5384       288.3987       287.3730       286.5469    
 2084   286.5578       286.8433       287.4963       288.4204       289.4980       290.3279       290.4916       290.0552       289.4108       288.4495       287.4476       286.9479    
 2085   286.8084       287.1404       287.5965       288.5970       289.6018       290.3180       290.3567       290.2425       289.3339       288.3081       287.2550       286.7483    
 2086   286.4220       286.6960       287.3350       288.3883       289.4846       290.0436       290.4406       290.1369       289.3341       288.4839       287.5199       286.9198    
 2087   286.6401       287.1106       287.7696       288.5948       289.6821       290.4146       290.7255       290.4669       289.7338       288.5519       287.4605       286.8590    
 2088   286.8773       287.1313       287.8942       288.6956       289.6762       290.3311       290.5663       290.2646       289.5393       288.5087       287.2269       286.7820    
 2089   286.5483       286.7425       287.2141       288.3142       289.3988       290.1897       290.6157       290.4612       289.6862       288.6622       287.3916       286.7493    
 2090   286.5764       286.9927       287.7469       288.5467       289.6814       290.4761       290.8326       290.5525       289.8788       288.6794       287.6361       287.1612    
 2091   286.6776       287.1135       287.9393       288.6393       289.5756       290.2466       290.5037       290.3365       289.4263       288.3508       287.4468       286.5415    
 2092   286.5698       286.9039       287.5317       288.5329       289.6301       290.4210       290.7735       290.4810       289.6747       288.6367       287.4547       286.8266    
 2093   286.7676       287.2522       287.8364       288.5811       289.7652       290.4902       290.6771       290.5765       289.6418       288.8267       287.6929       287.0903    
 2094   287.0904       287.1259       287.9608       288.6996       289.6901       290.4477       290.8033       290.5415       289.8915       288.7534       287.4634       287.0762    
 2095   287.0318       287.0114       287.7921       288.6782       289.7004       290.3547       290.6574       290.3176       289.6557       288.4576       287.5246       286.8093    
 2096   286.6906       286.9843       287.8004       288.9041       289.9685       290.5247       290.7881       290.5287       289.6637       288.7098       287.6383       286.9041    
 2097   287.1151       287.2200       287.8150       288.7327       289.6089       290.4781       290.7749       290.4189       289.5940       288.4452       287.4507       286.7697    
 2098   286.5782       287.0033       287.5220       288.4284       289.4951       290.3202       290.7394       290.4876       289.6708       288.8948       287.7918       286.7953    
 2099   286.9632       287.4742       287.9394       289.0203       289.8533       290.6028       290.8491       290.6833       289.7139       288.6542       287.6069       287.1597    
 2100   286.9508       286.9823       287.7551       288.7350       289.7543       290.2891       290.6028       290.2978       289.5869       288.5899       287.6587       286.8839    
 2101   286.8610       287.2982       287.7962       288.5152       289.7057       290.4124       290.7771       290.7192       289.8346       288.7078       287.7350       287.1458    
 2102   287.1216       287.1838       287.7459       288.6153       289.8525       290.5237       291.0744       290.6167       289.6741       288.5797       287.3718       286.9868    
 2103   287.0394       287.1411       287.7364       288.5833       289.7343       290.3974       290.8258       290.6523       289.8253       288.9625       287.9623       287.2401    
 2104   287.4164       287.7923       288.0214       288.8287       289.9908       290.7550       291.0099       290.5749       289.7000       288.6633       287.4934       287.0460    
 2105   287.0149       287.3236       287.9040       288.7267       289.7169       290.4737       290.8641       290.5646       289.8326       288.8391       287.7465       287.1935    
 2106   287.2002       287.4941       287.8652       289.0154       290.0257       290.7378       291.1575       290.7883       289.9868       289.0160       287.9164       287.4552    
 2107   287.2404       287.4917       288.1708       289.1523       290.1610       290.8081       291.0447       290.7298       289.9282       288.7799       287.6506       287.1654    
 2108   287.1841       287.3006       287.9356       288.8134       289.8454       290.6526       290.9127       290.7613       289.9797       288.8836       288.0900       287.5662    
 2109   287.4888       287.5814       288.1377       289.0220       290.1627       290.8429       291.0271       290.8205       289.9910       288.9594       287.7812       286.8845    
 2110   287.1585       287.1640       287.8437       288.7452       289.8331       290.6177       290.9369       290.5536       289.8855       288.7407       287.6782       287.1509    
 2111   286.8794       287.0803       287.6685       288.6801       289.5752       290.6291       290.8674       290.7077       289.8412       289.0478       288.0322       287.5397    
 2112   287.1661       287.3243       288.0437       288.8185       289.8767       290.6050       290.9055       290.6336       289.8802       288.8617       287.8264       287.3003    
 2113   287.4536       287.6538       288.2283       289.0691       290.0469       290.8198       291.1555       290.8434       290.0569       288.9125       287.8651       287.5497    
 2114   287.2715       287.6466       288.1932       289.2424       290.1911       290.9201       291.3110       290.9702       290.1654       289.2060       288.0902       287.5605    
 2115   287.4467       287.6672       288.4430       289.2419       290.1288       291.0081       291.2511       291.0818       290.3514       289.1634       288.0018       287.3080    
 2116   287.4168       287.6849       288.1621       289.0660       290.0662       290.7036       291.0679       290.8223       290.0190       289.0199       287.7758       287.4614    
 2117   287.1799       287.4566       287.9027       289.0267       290.0063       290.7035       291.0645       290.8377       290.1657       289.0717       287.8343       287.4150    
 2118   287.1902       287.5355       288.1671       289.2017       290.1597       290.7914       291.1556       291.0819       290.1663       288.9953       287.9677       287.5435    
 2119   287.0450       287.4508       288.2916       289.1198       290.0949       290.8182       291.1144       290.7655       290.0832       288.8005       287.7540       287.0854    
 2120   286.9653       287.2598       288.1879       288.9913       290.0521       290.7147       290.9613       290.7250       289.9474       288.9070       287.8248       287.4809    
 2121   287.6552       287.9044       288.2414       289.0729       290.0071       290.7774       291.0796       290.8984       290.1123       289.0841       287.9798       287.4883    
 2122   287.2321       287.6183       288.0208       289.0421       290.0869       290.6269       291.0815       290.7695       289.9356       288.9065       287.7354       287.0871    
 2123   287.0565       287.4435       287.9949       288.7999       289.9620       290.7433       291.0046       290.8275       290.0612       289.0325       288.0042       287.5130    
 2124   287.3287       287.5807       287.8815       289.0259       289.9251       290.7455       291.0846       290.8315       289.7372       288.8640       287.7440       287.0434    
 2125   286.8488       287.3678       287.8320       288.9843       289.7975       290.6865       290.9656       290.8373       290.0514       288.8573       287.6918       287.0693    
 2126   287.2064       287.6371       288.3500       289.1596       289.9736       290.8618       291.1491       291.0286       290.1107       289.1346       288.2202       287.2340    
 2127   287.3677       287.6625       288.1850       289.0659       290.1161       291.0058       291.2134       290.8837       289.9934       288.8661       287.9258       287.1388    
 2128   287.4274       287.3332       287.7956       288.9825       290.0840       290.7147       290.8436       290.6189       289.9785       289.0090       287.8331       287.2922    
 2129   287.5363       287.6076       288.2826       289.2240       290.2126       291.0356       291.3188       291.0568       290.2059       289.1207       288.3435       287.6186    
 2130   287.4907       287.5746       288.3217       289.3457       290.2097       291.0801       291.3767       291.0299       290.0772       289.1809       288.1492       287.5227    
 2131   287.5473       287.7249       288.1650       288.9548       290.0309       290.6398       290.9018       290.7169       289.9350       288.9763       287.6468       287.0042    
 2132   287.0391       287.5013       288.0675       288.7168       289.9829       290.8821       291.0991       290.9612       290.0854       289.0536       287.9021       287.4878    
 2133   287.5718       287.4799       288.3005       289.1179       290.1190       290.8016       291.0735       290.8383       290.0391       289.0375       287.9302       287.3220    
 2134   287.4050       287.6002       288.2098       289.2355       290.1549       290.8895       291.2197       291.0231       289.9934       289.0284       288.0424       287.4300    
 2135   287.1459       287.6048       288.2242       289.0768       290.1402       290.8715       291.0950       290.8830       290.1115       289.0701       288.0308       287.4102    
 2136   287.0958       287.3420       287.8360       289.0961       290.0567       290.8498       291.1679       290.9610       290.1632       289.1525       288.1753       287.4035    
 2137   287.5234       287.6397       288.2355       289.0917       290.1828       290.8935       291.3188       291.0202       290.1628       289.1857       288.1208       287.5378    
 2138   287.4405       287.7730       288.2617       289.2100       290.2065       290.8911       291.1154       290.7482       289.8764       289.0038       287.9907       287.4036    
 2139   287.3771       287.6485       288.4319       289.0241       290.1018       290.6317       291.0063       290.6512       289.9041       288.9823       288.0109       287.2660    
 2140   287.2017       287.6779       288.1053       289.2224       290.1609       290.7819       291.1978       291.0352       290.2037       289.1956       288.3390       287.7268    
 2141   287.7271       287.8251       288.3886       289.1398       290.2601       291.0475       291.4185       291.1350       290.3972       289.3218       288.4767       287.9089    
 2142   287.9680       288.0352       288.5045       289.5313       290.2648       291.0353       291.4263       291.1418       290.3572       289.4396       288.1780       287.7980    
 2143   287.4828       287.8390       288.4767       289.3571       290.2686       291.0404       291.4646       291.1779       290.2232       289.3679       288.3189       287.6954    
 2144   287.7663       287.8710       288.8103       289.4260       290.4637       291.0829       291.3909       291.1640       290.3596       289.3306       288.3764       287.6804    
 2145   287.4800       287.8292       288.2307       289.2705       290.2378       290.9018       291.0793       290.9875       290.3110       289.2421       288.2479       287.5712    
 2146   287.6730       287.8474       288.3618       289.4343       290.3704       291.0587       291.4626       291.1692       290.3133       289.3834       288.3431       287.7216    
 2147   287.5659       288.0728       288.6798       289.4389       290.3813       291.0878       291.5565       291.1725       290.3114       289.2206       288.2829       287.5637    
 2148   287.5847       287.8666       288.5209       289.4311       290.3084       290.9105       291.2137       290.9080       290.0890       289.0486       288.1584       287.5466    
 2149   287.6214       287.6242       288.3127       289.1188       290.2110       290.9643       291.2146       291.0613       290.2215       289.2233       288.3893       287.8325    
 2150   287.6486       288.2778       288.4138       289.3495       290.3316       291.1419       291.3160       291.1284       290.2351       289.1727       288.2214       287.5157    
 2151   287.6513       287.7182       288.4738       289.2166       290.1850       290.8997       291.1730       291.0455       290.1860       289.0777       288.0757       287.3965    
 2152   287.3080       287.5020       288.2010       289.1297       290.3197       290.9712       291.4860       291.1520       290.2265       289.1211       288.0864       287.1004    
 2153   287.2424       287.4578       287.9530       288.8434       289.8397       290.7043       291.1333       290.9735       290.2037       289.2286       288.2148       287.5985    
 2154   287.7589       287.8573       288.4963       289.2078       290.2442       291.1835       291.5649       291.2252       290.5217       289.6639       288.5043       288.0534    
 2155   287.8098       288.1729       288.6605       289.5854       290.4952       291.1474       291.2387       291.0350       290.0998       289.1045       288.1210       287.4143    
 2156   287.0887       287.4947       288.2197       289.2778       290.1329       290.8105       291.1549       291.0126       290.1121       289.3112       288.2515       287.7680    
 2157   287.7669       287.7936       288.3566       289.2469       290.1871       290.9759       291.1718       291.0475       290.1949       289.1085       288.3199       287.5052    
 2158   287.2926       287.5298       288.1731       289.0293       290.1368       290.8158       291.2364       291.0394       290.1861       289.2274       288.1382       287.4969    
 2159   287.5885       287.9291       288.3102       289.3763       290.1868       291.0528       291.2029       291.0661       290.2140       289.1801       288.2553       287.6210    
 2160   287.7256       288.0073       288.4579       289.5519       290.5602       291.1295       291.4593       291.2491       290.3394       289.4848       288.4647       287.6838    
 2161   287.6891       287.9499       288.4461       289.3754       290.4313       291.1097       291.4518       291.2391       290.3215       289.2082       288.1950       287.6501    
 2162   287.6040       287.7333       288.4922       289.2878       290.4443       291.0700       291.4952       291.1891       290.3479       289.2259       288.3477       287.8035    
 2163   287.7457       287.9881       288.6143       289.3971       290.4049       290.8972       291.2733       291.0971       290.1582       289.2044       288.1974       287.2703    
 2164   287.5068       287.6133       288.2310       289.3462       290.3863       291.0365       291.2786       290.9936       290.2465       289.2672       288.4247       287.7736    
 2165   287.8439       288.0118       288.5363       289.3671       290.4498       291.1628       291.4166       291.1673       290.4668       289.3538       288.2386       287.5588    
 2166   287.8024       288.0487       288.4399       289.0407       290.1328       290.9081       291.3838       291.1839       290.2943       289.2919       288.2444       287.5336    
 2167   287.6167       287.8941       288.2802       289.3144       290.2817       290.9491       291.3127       290.9575       290.0927       289.2117       288.3142       287.6640    
 2168   287.5051       287.7460       288.4929       289.2540       290.2833       291.1590       291.4809       291.2628       290.3245       289.3873       288.3526       287.6954    
 2169   287.5307       287.6831       288.2617       289.4656       290.4489       291.1196       291.4539       291.1053       290.2290       289.1888       287.9948       287.3897    
 2170   287.2433       287.5994       288.2834       289.0753       290.0798       290.8393       291.2175       291.0448       290.1136       289.1925       288.2098       287.6266    
 2171   287.3498       287.6373       288.3003       289.2544       290.1054       290.9704       291.2854       291.0668       290.2968       289.2913       288.3488       287.6745    
 2172   287.7275       287.9585       288.4204       289.1057       290.2327       290.9340       291.2200       290.9262       290.0089       289.0831       287.9753       287.2386    
 2173   287.1601       287.5172       288.2824       288.9257       290.0569       290.6730       291.1818       291.0275       290.1029       289.0005       287.8069       287.4119    
 2174   287.3408       287.9470       288.1820       289.1375       290.0334       290.8937       291.2950       291.1721       290.1499       289.2981       288.4677       287.7117    
 2175   287.8774       288.0049       288.5429       289.3728       290.4041       291.1500       291.4306       291.1774       290.2766       289.3027       288.2469       287.6375    
 2176   287.4535       287.7788       288.2180       289.0168       290.0803       290.7631       291.2744       291.0506       290.2727       289.2558       288.2089       287.5016    
 2177   287.7579       287.9803       288.3438       289.3031       290.2305       291.0999       291.4276       291.2439       290.4195       289.2529       288.3656       287.5419    
 2178   287.8138       288.0939       288.4323       289.3865       290.3767       291.1131       291.4504       291.2549       290.3158       289.2698       288.0220       287.4334    
 2179   287.3181       287.7409       288.3714       289.2065       290.2327       291.0604       291.3156       290.9722       290.2442       289.3566       288.1671       287.3411    
 2180   287.2997       287.8051       288.3799       289.3114       290.3710       291.1182       291.6295       291.3783       290.5217       289.4956       288.4851       287.8059    
 2181   287.8602       287.9139       288.6977       289.5396       290.4406       291.2403       291.4744       291.2045       290.2777       289.1935       288.1861       287.5682    
 2182   287.2291       287.3902       287.9852       289.0611       290.1359       290.9006       291.2010       291.0545       290.2444       289.2745       288.1019       287.6525    
 2183   287.3691       287.7925       288.3164       289.2639       290.3063       290.9682       291.3407       290.9834       290.2639       289.2276       288.3393       287.8063    
 2184   287.8730       287.9070       288.6005       289.2951       290.4623       291.1342       291.4337       291.1143       290.2606       289.1807       288.1634       287.6271    
 2185   287.5097       287.5199       288.2339       289.0076       290.0644       290.7789       291.1911       291.0461       290.2272       289.1781       288.0093       287.5489    
 2186   287.5026       287.6923       288.2125       289.2207       290.1496       291.1074       291.5023       291.1132       290.2986       289.3018       288.3197       287.5760    
 2187   287.6480       287.8970       288.6975       289.5103       290.4213       291.1580       291.5344       291.3622       290.6729       289.5768       288.6156       288.0403    
 2188   287.9235       288.0926       288.7499       289.5009       290.5423       291.2376       291.5224       291.3787       290.2671       289.3712       288.1661       287.4984    
 2189   287.5594       287.8664       288.2548       289.1491       290.3932       291.0884       291.4850       291.3334       290.4017       289.3798       288.4272       287.5588    
 2190   287.6870       287.6622       288.4883       289.4859       290.3484       291.1315       291.5210       291.1772       290.4868       289.5244       288.4923       287.9422    
 2191   287.7207       287.9102       288.7286       289.6248       290.5883       291.2034       291.5551       291.2994       290.4867       289.3830       288.4983       287.7036    
 2192   287.5258       287.9183       288.4224       289.1379       290.2566       290.9024       291.2793       291.0668       290.2660       289.3973       288.1599       287.3919    
 2193   287.6151       287.6601       288.3352       289.3006       290.3514       291.1466       291.3134       291.1373       290.2815       289.2790       288.2331       287.4774    
 2194   287.6840       287.7548       288.4487       289.2512       290.1492       291.1893       291.4384       291.2560       290.3988       289.4821       288.3831       288.0333    
 2195   287.8519       288.1244       288.6870       289.4481       290.2918       291.2630       291.5680       291.2288       290.2852       289.2178       288.4159       287.7886    
 2196   287.6752       287.7865       288.1432       289.3034       290.3633       291.0439       291.3077       291.1486       290.3526       289.2006       288.1107       287.4628    
 2197   287.4838       287.7730       288.2366       289.2468       290.3102       290.9283       291.4061       291.1471       290.4721       289.3484       288.5636       287.9118    
 2198   287.9446       288.1230       288.6023       289.4943       290.5337       291.0169       291.4003       291.0644       290.1898       289.2000       288.2520       287.4046    
 2199   287.3037       287.6492       288.1806       289.1252       290.1643       290.8471       291.4085       291.3332       290.5522       289.3739       288.3331       287.7740    
 2200   287.5772       288.1395       288.5798       289.3368       290.2899       291.0795       291.4245       291.1045       290.3533       289.3943       288.2335       287.8065    
 2201   287.4427       287.8421       288.5698       289.3568       290.4276       291.3468       291.5277       291.2920       290.4842       289.4725       288.4837       287.7531    
 2202   287.5914       288.0190       288.6941       289.3587       290.4626       291.1905       291.5542       291.3204       290.5252       289.4908       288.4653       287.8661    
 2203   287.6298       287.7628       288.5965       289.3228       290.2195       291.0161       291.2608       291.1184       290.3797       289.4344       288.4679       287.5684    
 2204   287.6284       287.8088       288.6903       289.5424       290.3601       291.1954       291.6366       291.3120       290.5152       289.3940       288.2950       287.8643    
 2205   287.8375       288.2390       288.8167       289.4305       290.4976       291.0263       291.5048       291.3555       290.5106       289.4121       288.5426       287.7610    
 2206   287.7153       288.0525       288.6708       289.5813       290.4074       291.1593       291.6219       291.3292       290.4142       289.5586       288.3751       287.9786    
 2207   287.8836       288.1374       288.6922       289.4991       290.4169       291.1685       291.6433       291.4730       290.6483       289.5229       288.4982       287.8196    
 2208   287.9184       288.1546       288.6533       289.4892       290.3747       291.1817       291.7245       291.2926       290.5685       289.6495       288.5515       287.9433    
 2209   288.0161       288.3144       288.9473       289.6129       290.4046       291.0722       291.3675       291.2966       290.3752       289.3418       288.4473       287.7709    
 2210   287.6902       288.0148       288.4622       289.2737       290.2556       291.0267       291.5238       291.3357       290.4994       289.5778       288.4744       288.1011    
 2211   287.8568       288.3601       288.7739       289.6413       290.6621       291.2992       291.5821       291.2725       290.5648       289.2910       288.2196       287.5991    
 2212   287.8158       287.8673       288.5021       289.3949       290.4458       291.1608       291.6114       291.3565       290.6174       289.4621       288.4240       287.7475    
 2213   287.7329       287.8980       288.7703       289.4450       290.4143       291.1545       291.5265       291.2867       290.6214       289.5605       288.8040       288.1029    
 2214   288.0224       288.5561       288.9478       289.7559       290.6625       291.3542       291.6746       291.4751       290.6760       289.5552       288.8308       288.0632    
 2215   288.3203       288.2789       288.7008       289.5942       290.3862       291.2290       291.4460       291.2525       290.5793       289.4727       288.5701       287.7162    
 2216   287.6661       287.8625       288.3110       289.3535       290.2673       291.0607       291.3582       291.3228       290.4561       289.5196       288.5987       287.8611    
 2217   287.6332       288.1222       288.4184       289.6954       290.6535       291.3818       291.7394       291.5159       290.7832       289.7295       288.8502       288.1053    
 2218   287.9219       288.2065       288.6881       289.4269       290.4997       291.3839       291.8676       291.7850       290.9674       289.9691       288.8469       288.2892    
 2219   287.9929       288.4631       288.8839       289.6691       290.6570       291.1962       291.5148       291.1671       290.4294       289.3801       288.4341       287.7135    
 2220   287.6731       288.2296       288.5406       289.3371       290.4385       291.1886       291.7069       291.4273       290.5528       289.5636       288.7441       288.1889    
 2221   287.9997       288.1027       288.6388       289.6045       290.5836       291.2414       291.5481       291.2302       290.3831       289.5320       288.4016       287.7385    
 2222   287.9167       288.1713       288.6590       289.5484       290.5754       291.2824       291.5891       291.3717       290.3524       289.3794       288.3300       287.7225    
 2223   287.8304       287.9978       288.6227       289.5460       290.4604       291.2166       291.6315       291.4245       290.6648       289.5342       288.5775       288.0087    
 2224   287.9883       288.4922       288.6080       289.6674       290.5218       291.2529       291.4519       291.3566       290.3213       289.3156       288.3689       287.6554    
 2225   287.6772       287.7351       288.2931       289.4588       290.3434       291.0490       291.2437       291.1752       290.3266       289.3979       288.2876       287.8589    
 2226   287.3487       287.9075       288.4004       289.5197       290.5393       291.0943       291.3271       291.1131       290.2432       289.2873       288.3854       287.5940    
 2227   287.8398       287.8618       288.5490       289.5499       290.4215       291.1865       291.4171       291.0645       290.2830       289.3756       288.2310       287.7877    
 2228   287.4546       287.9286       288.5515       289.3236       290.4267       291.1842       291.6027       291.3325       290.5875       289.6019       288.7157       288.0740    
 2229   288.2224       288.2980       288.7484       289.6750       290.5566       291.2173       291.5048       291.2829       290.3315       289.2917       288.2529       287.5070    
 2230   287.3736       287.7611       288.3117       289.1447       290.3655       291.0403       291.4598       291.2368       290.4653       289.4609       288.4830       287.8214    
 2231   287.8837       287.9711       288.4940       289.4713       290.3862       291.2028       291.6467       291.5215       290.6228       289.6439       288.7531       288.0270    
 2232   287.9054       288.1035       288.9345       289.7753       290.7734       291.4359       291.6684       291.2892       290.5962       289.4408       288.5478       288.0179    
 2233   288.0940       288.3249       288.6101       289.3665       290.4353       291.2263       291.5651       291.4186       290.5335       289.5677       288.6494       288.0971    
 2234   288.0336       288.3559       288.6305       289.5235       290.4975       291.3152       291.6330       291.5097       290.5148       289.5573       288.4300       287.8886    
 2235   287.7544       288.2409       288.7658       289.6897       290.4224       291.2870       291.6528       291.4254       290.4704       289.3683       288.5353       287.6421    
 2236   287.9126       288.0505       288.6040       289.3541       290.5105       291.2692       291.7256       291.3519       290.6392       289.7855       288.5932       287.9678    
 2237   288.0394       288.3138       288.7666       289.5264       290.4487       291.1776       291.5703       291.2879       290.4180       289.4941       288.4137       287.9392    
 2238   287.8025       288.2219       288.8167       289.4250       290.4344       291.1798       291.4048       291.1848       290.3878       289.6241       288.4495       287.7639    
 2239   287.8184       288.1705       288.8200       289.7006       290.6654       291.3526       291.5554       291.1987       290.3436       289.4037       288.4175       287.9112    
 2240   287.6573       288.0797       288.6054       289.3867       290.5233       291.1918       291.5920       291.4348       290.6641       289.5768       288.6244       287.7101    
 2241   287.6689       288.0464       288.7476       289.7032       290.6028       291.3369       291.7908       291.6027       290.7944       289.5401       288.5380       287.8664    
 2242   287.6183       288.2733       288.6477       289.5458       290.4520       291.3400       291.6645       291.3877       290.5097       289.4739       288.5785       287.9481    
 2243   287.7987       288.1697       288.7198       289.4900       290.6541       291.4350       291.8800       291.4612       290.8245       289.6841       288.7289       288.0549    
 2244   287.9148       288.2542       288.6888       289.6377       290.6187       291.2360       291.6938       291.4962       290.6653       289.5633       288.6090       287.9352    
 2245   287.7824       288.2425       288.7861       289.5213       290.4312       291.1700       291.4816       291.2255       290.6203       289.4387       288.5868       287.7254    
 2246   287.8805       288.3970       288.6266       289.5853       290.4927       291.2435       291.5785       291.3099       290.4703       289.5427       288.7235       288.0818    
 2247   288.1518       288.2344       288.9011       289.5894       290.6541       291.3480       291.5388       291.2964       290.4421       289.4597       288.4508       287.5439    
 2248   287.6636       287.9184       288.5768       289.3918       290.4388       291.1788       291.4681       291.3694       290.5551       289.5245       288.5915       287.9462    
 2249   288.0473       288.0248       288.8011       289.5875       290.6104       291.2404       291.6864       291.5728       290.5877       289.6688       288.7122       288.0385    
 2250   288.0631       288.3646       288.7323       289.3512       290.6825       291.3510       291.6559       291.4286       290.4594       289.4224       288.3713       287.8552    
 2251   287.8440       288.0841       288.7418       289.3472       290.3619       291.0860       291.5026       291.2820       290.4389       289.2988       288.2045       287.7151    
 2252   287.6342       287.9087       288.6535       289.4989       290.3901       291.2686       291.6754       291.5219       290.8127       289.7996       288.6463       287.8093    
 2253   287.8360       288.3233       288.6948       289.7084       290.6415       291.3459       291.7052       291.4867       290.4805       289.5457       288.4677       288.1309    
 2254   287.7365       287.9000       288.5399       289.3209       290.4997       291.3431       291.7243       291.4243       290.5920       289.6256       288.5797       287.9967    
 2255   287.9619       288.4839       288.9275       289.8599       290.8015       291.5342       291.9570       291.6379       290.9093       289.6681       288.7514       288.3709    
 2256   288.0718       288.2063       288.8954       289.5392       290.5036       291.3298       291.4807       291.2967       290.4706       289.5537       288.6436       288.1535    
 2257   288.0890       288.3196       289.0039       289.6479       290.6561       291.2854       291.7099       291.6028       290.5539       289.6361       288.6843       287.9169    
 2258   288.1132       288.3711       288.7494       289.7778       290.6013       291.3016       291.4903       291.2359       290.4467       289.4613       288.3982       287.6792    
 2259   287.5213       288.0269       288.7457       289.4973       290.5310       291.2804       291.6450       291.5627       290.5905       289.4959       288.4358       288.0177    
 2260   288.0305       288.3483       288.7857       289.4315       290.5877       291.2994       291.6605       291.3290       290.6512       289.6164       288.6294       288.0166    
 2261   287.9459       288.6303       288.9178       289.8227       290.6530       291.4212       291.7533       291.3824       290.6216       289.4828       288.4461       287.7845    
 2262   287.8339       288.1281       288.5928       289.6324       290.5416       291.4201       291.5999       291.3252       290.6595       289.6478       288.8073       287.8976    
 2263   288.0261       288.1564       288.7775       289.6197       290.4270       291.3833       291.6637       291.4685       290.7726       289.6754       288.6261       288.1253    
 2264   287.8372       288.1562       289.0221       289.8948       290.6267       291.4548       291.9355       291.7428       290.6939       289.6490       288.6064       288.1566    
 2265   287.9750       288.1780       288.6052       289.5354       290.5654       291.3038       291.5114       291.3278       290.5625       289.4827       288.5782       287.9754    
 2266   287.9013       288.2528       288.7834       289.6284       290.5265       291.1862       291.6778       291.5541       290.6939       289.6430       288.8214       288.1754    
 2267   288.2543       288.4531       288.9462       289.9517       290.6867       291.4456       291.8395       291.5812       290.5252       289.5253       288.5182       288.0165    
 2268   288.2415       288.3504       288.7344       289.6929       290.6381       291.5681       291.8551       291.6868       290.7355       289.6707       288.6996       288.1451    
 2269   288.2683       288.3590       288.9375       289.7498       290.7263       291.4013       291.8044       291.5867       290.7449       289.7339       288.6365       288.1246    
 2270   287.8934       288.0872       288.6396       289.5032       290.5965       291.2838       291.5851       291.3948       290.5970       289.6819       288.6656       288.1044    
 2271   287.8921       288.1331       289.0022       289.6113       290.6667       291.5671       291.8730       291.7959       290.9291       289.7750       288.9212       288.4305    
 2272   288.3023       288.7012       289.0067       289.8887       290.7301       291.3349       291.6048       291.4354       290.6009       289.6563       288.3634       287.5922    
 2273   287.6578       287.9439       288.5815       289.5737       290.4092       291.1831       291.4402       291.3642       290.3370       289.3253       288.3726       287.8781    
 2274   287.6512       288.0697       288.8666       289.7275       290.6951       291.3040       291.7337       291.6950       290.7024       289.7553       288.8957       288.3651    
 2275   288.3730       288.7486       289.0270       289.9709       290.8242       291.4379       291.8610       291.6566       290.6888       289.7477       288.7381       288.0677    
 2276   288.0552       288.3428       288.8844       289.7682       290.7165       291.4083       291.7344       291.4857       290.8252       289.6843       288.4311       288.0349    
 2277   288.1018       288.1504       288.9028       289.7673       290.6314       291.4357       291.8506       291.6512       290.7865       289.7469       288.6515       288.0127    
 2278   288.2623       288.5819       288.8415       290.0056       290.8315       291.5839       292.0240       291.8459       290.8346       289.7595       288.7162       287.9177    
 2279   287.7743       288.1341       288.7106       289.6818       290.5309       291.0925       291.6252       291.3783       290.5697       289.5346       288.5816       287.6982    
 2280   287.8554       288.0490       288.6180       289.6271       290.5413       291.3365       291.6529       291.4297       290.7057       289.4557       288.3932       287.8435    
 2281   287.5313       288.2662       288.3833       289.5753       290.6330       291.3800       291.7356       291.4529       290.6153       289.5250       288.6453       287.9421    
 2282   287.7383       288.1330       288.6916       289.5193       290.5262       291.2320       291.5020       291.3255       290.4759       289.4977       288.6556       288.1685    
 2283   287.9493       288.1516       288.8703       289.5625       290.5844       291.3933       291.7686       291.5276       290.7390       289.7987       288.9058       288.2369    
 2284   288.2903       288.4093       288.9430       289.7930       290.6701       291.3382       291.7502       291.5770       290.7434       289.7931       288.6208       288.0768    
 2285   288.0360       288.1158       288.5485       289.5488       290.5982       291.4923       291.7366       291.4753       290.7920       289.8506       288.8606       288.1720    
 2286   288.1111       288.2998       288.8639       289.5573       290.6157       291.3946       291.8812       291.5565       290.7961       289.6848       288.6101       287.9594    
 2287   287.8622       288.2557       288.6740       289.5924       290.6709       291.6217       291.9265       291.4879       290.7370       289.6632       288.6567       288.0496    
 2288   287.9079       288.1697       288.7342       289.6915       290.6659       291.3386       291.6995       291.3598       290.5815       289.3496       288.4495       287.6981    
 2289   287.8455       288.2283       288.6817       289.7654       290.5674       291.3033       291.6510       291.4628       290.5996       289.6276       288.7760       287.9280    
 2290   287.9330       288.4882       288.8781       289.7615       290.6917       291.4127       291.8059       291.5671       290.6810       289.5907       288.5400       287.7587    
 2291   288.0561       288.2350       288.9645       289.8051       290.7741       291.5124       291.8325       291.6367       290.7601       289.8997       288.8519       288.2118    
 2292   288.2124       288.2550       288.6564       289.8281       290.7776       291.4226       291.7744       291.5852       290.6606       289.6072       288.5086       287.9814    
 2293   287.8709       288.1012       288.7437       289.5306       290.6007       291.2168       291.4630       291.2848       290.5178       289.4059       288.3344       287.5284    
 2294   287.5242       288.0696       288.7220       289.3965       290.4530       291.2686       291.7997       291.5093       290.6844       289.6660       288.6279       288.1787    
 2295   288.2129       288.4221       288.6050       289.5194       290.7142       291.3302       291.7184       291.4806       290.5791       289.5539       288.4454       287.9286    
 2296   287.7296       287.8516       288.6935       289.6452       290.6657       291.4303       291.7514       291.4117       290.6746       289.6325       288.6599       288.2003    
 2297   288.1835       288.4078       288.6631       289.6561       290.5796       291.4068       291.6719       291.4129       290.6448       289.4546       288.4076       287.8520    
 2298   287.8977       288.0886       288.5410       289.4621       290.5444       291.2878       291.6265       291.4431       290.6847       289.5808       288.5651       287.9201    
 2299   287.9348       288.3830       288.7186       289.6407       290.5930       291.4342       291.8548       291.6205       290.8494       289.8651       288.6580       288.1139    
 2300   287.9609       288.3249       288.9035       289.6595       290.6920       291.3894       291.7643       291.6844       290.7342       289.7080       288.7018       287.8467    
