# using minimal fraction of valid points 30.00
# tas [K] from GFDL CM2.1, SRESA1B (run1) 720 ppm stabilization experiment (SRES A1B) output for IPCC AR4 and US CCSP
# cutting out region lon=    0.000  360.000, lat=  -90.000   90.000
 1861   283.4956       283.8175       284.7664       285.7453       286.8843       287.8550       288.2344       287.7399       287.0033       285.7964       284.7834       283.9598    
 1862   283.8643       284.5421       284.8830       285.9524       287.0114       288.0050       288.0631       287.6998       286.8306       285.7949       284.3714       283.6678    
 1863   283.7878       284.2409       284.8948       285.8549       287.0352       288.0064       288.1437       287.9952       287.2369       285.9860       284.9775       284.4307    
 1864   284.4721       284.5202       285.1951       286.4629       287.4703       288.2223       288.4141       288.0202       286.9880       285.6968       284.5383       283.7885    
 1865   283.6590       283.8288       284.6433       285.6621       286.6028       287.7439       288.1161       287.8328       286.8957       285.6348       284.4883       283.6856    
 1866   283.9037       284.1635       284.7395       285.6703       286.6752       287.7756       288.1117       287.7950       286.8878       285.7717       284.6651       284.0197    
 1867   283.9669       284.3864       285.0242       285.8333       287.0329       287.9753       288.2712       287.9118       287.1116       286.0065       284.8420       284.3989    
 1868   284.1465       284.6888       285.2023       286.1874       287.1418       288.1366       288.3843       288.0262       287.1057       286.0881       284.7520       283.9661    
 1869   283.7259       284.4110       285.1709       286.0197       286.9440       287.9434       288.4569       288.0935       287.4259       286.1503       285.1805       284.4066    
 1870   284.5716       285.1604       285.7244       286.4744       287.5286       288.3583       288.5301       288.1383       287.2895       285.9630       284.9471       284.1689    
 1871   284.0964       284.3760       284.8378       285.9437       286.9660       287.9041       288.3422       288.1079       287.1797       286.0124       284.8387       284.0365    
 1872   284.0490       284.7505       285.0503       285.9005       286.8280       287.9839       288.2374       287.9522       287.1158       285.8840       284.8365       284.1517    
 1873   284.4117       284.6719       285.5045       286.3501       287.4370       288.2806       288.6917       288.4070       287.6230       286.3856       285.2322       284.5410    
 1874   284.6862       285.1727       286.0302       286.6836       287.6949       288.6433       288.9196       288.3527       287.3584       286.0311       284.6830       284.0979    
 1875   283.9321       284.2073       284.9163       285.8615       286.9791       287.9189       288.3506       287.9930       287.1760       285.9047       284.6299       284.0018    
 1876   284.0529       284.3650       284.9842       285.9537       286.7917       288.0063       288.2178       288.0366       287.2367       285.9188       284.5450       284.1163    
 1877   283.8919       284.1221       284.8818       285.6921       287.0116       288.0663       288.2930       287.9290       287.2316       285.9244       284.6204       284.0188    
 1878   284.0699       284.6510       284.9211       285.9294       286.9390       288.0270       288.2973       287.9543       287.1122       285.9590       284.4674       284.0502    
 1879   284.2825       284.4340       285.0619       286.0420       287.2961       288.1566       288.4980       288.2563       287.3849       286.3729       285.2014       284.7593    
 1880   284.7395       285.2404       285.6021       286.5556       287.7444       288.6324       288.5726       288.2253       287.4062       286.2244       284.9144       284.0898    
 1881   284.0534       284.5316       284.9616       286.0749       287.0723       288.1078       288.5034       288.0553       287.2680       285.9688       284.8418       284.0967    
 1882   284.0663       284.3759       284.9126       286.1220       287.1025       288.0465       288.3819       288.1243       287.3191       285.9969       284.9796       284.3196    
 1883   284.1170       284.4949       285.0578       286.0297       287.1452       288.1552       288.3498       288.0991       287.1710       285.8819       284.7448       283.8930    
 1884   284.1239       284.3746       284.8772       285.7733       286.7494       287.7162       287.9848       287.6420       286.7565       285.5674       284.2591       283.7534    
 1885   283.8769       284.0487       284.4536       285.4287       286.4649       287.5269       287.8326       287.5567       286.7528       285.4083       284.1706       283.5645    
 1886   283.5011       284.1452       284.7754       285.6150       286.7796       287.6525       288.1021       287.9683       286.8427       285.7080       284.5949       283.8038    
 1887   283.9424       284.2462       284.9226       285.8153       286.7908       287.8471       288.2445       287.7506       286.8750       285.7639       284.6487       284.0114    
 1888   283.9258       284.2708       284.7894       285.7491       287.0124       287.9402       288.2343       287.8164       286.9907       285.6967       284.5502       283.8798    
 1889   283.7499       284.4292       284.9043       285.8936       286.8549       287.9852       288.1571       287.8755       286.9151       285.6656       284.5144       283.6765    
 1890   283.7521       284.0271       284.8307       285.6396       286.8123       287.7043       288.0482       287.8243       286.8801       285.5766       284.2993       283.4874    
 1891   283.6832       284.1716       284.8425       285.6557       286.7313       287.8012       288.1502       287.6554       286.7710       285.7597       284.4346       283.9911    
 1892   284.2392       284.3472       285.2008       286.0457       286.9568       287.9149       288.1125       287.7914       286.9593       285.8116       284.6549       283.9428    
 1893   283.8657       284.4401       285.0970       286.0301       287.1747       288.1459       288.3604       288.1100       287.1896       285.8619       284.9138       284.2573    
 1894   284.3169       284.5157       285.2490       285.9033       287.1809       288.2054       288.3743       288.1138       287.2724       286.0107       284.9476       284.1488    
 1895   284.4255       284.6094       285.1236       286.0138       287.1020       288.1308       288.2958       287.9278       287.1009       286.0152       284.6505       284.1128    
 1896   283.8444       284.3331       284.7803       285.9474       286.9961       288.0744       288.4839       288.2024       287.1395       285.9146       284.6414       284.0863    
 1897   284.1020       284.5453       285.2688       286.0160       287.0112       288.1437       288.4112       288.0463       287.1381       285.8485       284.7419       284.1935    
 1898   284.2659       284.6028       285.0743       285.9101       287.1132       287.9906       288.4588       288.0351       287.1213       286.0693       284.9168       284.1272    
 1899   284.1346       284.6271       285.0275       286.1681       287.1292       287.9404       288.2378       288.0601       287.2058       286.1367       284.9091       284.2405    
 1900   283.9671       284.4906       285.0847       285.9628       287.0668       287.9851       288.3754       287.8795       287.2050       286.0453       284.8723       284.1194    
 1901   284.4749       284.8125       285.5424       286.2407       287.2080       288.1925       288.4683       288.2676       287.3933       286.1303       284.9600       284.1422    
 1902   284.1429       284.7666       285.5951       286.2180       287.1964       288.3859       288.7412       288.3187       287.5448       286.3011       285.3042       284.4835    
 1903   284.6716       284.9945       285.5565       286.3977       287.3652       288.3503       288.5904       288.0479       287.1963       286.0883       285.0457       284.3527    
 1904   284.2998       284.7816       285.2734       286.0444       287.0324       287.9451       288.2322       287.8855       287.0379       285.8806       284.6296       284.0936    
 1905   284.0251       284.4803       285.1711       286.1617       286.9616       287.9183       288.3282       288.0381       287.2141       286.1089       285.0784       284.4148    
 1906   284.4803       284.8031       285.3177       285.9571       287.0555       288.0898       288.4402       288.0596       287.3141       286.2009       285.0058       284.2611    
 1907   284.2605       284.5676       285.3283       286.1013       287.1924       288.1075       288.4694       287.9992       287.3121       286.1232       285.0015       284.4688    
 1908   284.5271       284.8484       285.4855       286.4900       287.5817       288.4145       288.5517       288.1721       287.3931       286.3787       285.2537       284.6096    
 1909   284.4414       284.7335       285.3010       286.1551       287.2855       288.1495       288.3349       288.0346       287.2776       285.9992       284.7372       284.2087    
 1910   284.2538       284.5368       285.3852       285.9856       287.0664       287.9894       288.2896       287.9835       287.1624       286.0768       284.8495       284.1331    
 1911   284.4227       284.8471       285.5021       286.1353       287.1263       288.1449       288.4256       288.2752       287.3511       286.2442       285.0565       284.5386    
 1912   284.4609       284.8032       285.4875       286.4420       287.4440       288.2311       288.3547       288.0858       287.2608       286.2002       284.7723       284.3793    
 1913   284.4295       284.7079       285.2924       286.2879       287.1728       288.1491       288.4754       288.0279       287.1705       286.1663       284.9693       284.3783    
 1914   284.0803       284.6903       285.1600       286.1682       287.2252       288.1439       288.4243       288.1281       287.3871       285.9694       284.9058       284.2901    
 1915   284.4138       284.8894       285.0186       286.0706       286.9754       288.1218       288.3390       288.0009       287.2070       285.9875       284.9656       284.2873    
 1916   284.4256       284.7347       285.3288       286.1659       287.1835       288.2279       288.6428       288.2185       287.3705       286.2805       285.0819       284.2251    
 1917   284.3925       284.7655       285.3397       286.0423       287.1953       288.1577       288.4054       288.0479       287.1757       286.1303       284.9298       284.1118    
 1918   284.3870       284.4939       285.2155       286.2255       287.3556       288.1632       288.3636       288.1308       287.1652       286.0891       284.9041       284.1842    
 1919   284.1807       284.5045       285.0633       286.0772       287.1575       288.2265       288.5020       288.1484       287.3618       286.2532       285.1446       284.7098    
 1920   284.7661       285.1853       285.6428       286.5359       287.6640       288.3628       288.4917       288.1266       287.1401       285.9316       284.6696       284.1870    
 1921   284.1088       284.4850       285.2152       285.8714       286.9774       288.0964       288.2996       288.1007       287.1729       285.9151       284.9362       284.0701    
 1922   284.3256       284.5227       285.2023       286.2000       287.2502       288.0797       288.3989       288.3075       287.4255       286.3342       285.1186       284.7286    
 1923   284.5662       285.1169       285.6611       286.4512       287.6862       288.4498       288.5991       288.3752       287.5905       286.5584       285.4657       284.7378    
 1924   284.6847       285.1596       285.8457       286.6248       287.7602       288.5568       288.7226       288.3000       287.3274       286.0639       284.9314       284.1035    
 1925   284.3108       284.5890       285.2342       286.1388       287.2188       288.0662       288.5070       288.2191       287.4301       286.2991       284.8421       284.2452    
 1926   284.4084       284.5547       285.1714       286.1107       287.2791       288.3458       288.4329       288.2681       287.5212       286.3291       285.2602       284.4297    
 1927   284.6590       285.1785       285.5905       286.3394       287.5203       288.4433       288.6807       288.5917       287.6162       286.6013       285.4411       284.9351    
 1928   285.0373       285.1547       285.7524       286.6252       287.8102       288.6387       288.7052       288.3305       287.4583       286.4500       285.2340       284.6298    
 1929   284.6447       285.2682       285.6806       286.2783       287.5727       288.4806       288.8047       288.3830       287.4704       286.2285       285.0293       284.3929    
 1930   284.5276       284.8313       285.4966       286.3546       287.4079       288.3276       288.5702       288.2897       287.4193       286.3044       285.3300       284.3705    
 1931   284.4963       284.9111       285.3099       286.2406       287.5125       288.4962       288.6488       288.3412       287.5573       286.4186       285.2821       284.6614    
 1932   284.6192       284.8191       285.3389       286.4013       287.6093       288.4301       288.5910       288.2786       287.3188       286.2400       285.0636       284.5303    
 1933   284.3602       284.9688       285.5187       286.3892       287.4504       288.3609       288.6774       288.3196       287.5002       286.2908       285.3914       284.5642    
 1934   284.6606       285.0490       285.6794       286.5945       287.6364       288.4168       288.5991       288.3462       287.3802       286.3388       285.2237       284.5618    
 1935   284.3410       284.7072       285.2303       286.3030       287.4249       288.3043       288.6008       288.3452       287.5250       286.3121       285.2371       284.7242    
 1936   284.9656       285.0435       285.6459       286.3001       287.4520       288.2908       288.6969       288.2279       287.5150       286.4037       285.1092       284.4757    
 1937   284.5335       284.7934       285.4784       286.4769       287.3788       288.2669       288.5589       288.1797       287.4310       286.2822       285.1331       284.4641    
 1938   284.6161       285.1770       285.6842       286.4789       287.6201       288.4081       288.7551       288.4566       287.6267       286.3835       285.2474       284.5963    
 1939   284.3569       285.0240       285.6866       286.5744       287.5641       288.5309       288.7750       288.3521       287.5251       286.3490       285.3453       284.5916    
 1940   284.3055       284.8314       285.3941       286.3316       287.4727       288.3295       288.6729       288.2541       287.4044       286.2481       284.9117       284.3682    
 1941   284.4160       284.8372       285.3217       286.1573       287.1632       288.3134       288.7315       288.6412       287.6859       286.4843       285.2656       284.8236    
 1942   284.7257       285.0844       285.8993       286.8482       288.0172       288.7301       288.8889       288.4409       287.5936       286.3828       285.0603       284.4014    
 1943   284.4657       284.6686       285.3640       286.0630       287.2493       288.2155       288.5883       288.2608       287.5477       286.2158       284.8008       284.4482    
 1944   284.3673       284.6305       285.3625       286.3336       287.5155       288.4700       288.7340       288.4269       287.6114       286.4858       285.2263       284.6516    
 1945   284.7432       284.8213       285.5067       286.7075       287.7899       288.7455       288.9001       288.6295       287.7549       286.5011       285.4793       284.9492    
 1946   284.7881       285.2914       285.8742       286.8865       287.6982       288.5796       288.7381       288.2782       287.5121       286.1878       284.9887       284.2798    
 1947   284.5521       284.6276       285.4186       286.2573       287.3746       288.4591       288.6861       288.4611       287.6137       286.3625       285.1309       284.5600    
 1948   284.6718       285.0333       285.6916       286.2631       287.5180       288.6842       288.8181       288.3929       287.5830       286.6269       285.2941       284.4879    
 1949   284.7598       284.9746       285.6416       286.7904       287.8925       288.7483       288.7825       288.3273       287.4745       286.4823       285.2655       284.6966    
 1950   284.7173       285.1111       285.7693       286.6585       287.5162       288.5810       288.9386       288.4108       287.5478       286.4444       285.2683       284.6935    
 1951   284.7143       285.0844       285.6036       286.4485       287.5578       288.4513       288.6504       288.2966       287.4564       286.3847       285.3564       284.8220    
 1952   284.7219       284.9426       285.6381       286.6687       287.6061       288.6220       288.7769       288.5418       287.6573       286.6167       285.4312       284.6986    
 1953   284.8234       285.0222       285.5261       286.5139       287.5623       288.4883       288.6110       288.2741       287.6179       286.5412       285.3405       284.7953    
 1954   285.0627       285.4457       285.7306       286.5382       287.7071       288.6190       288.9442       288.5003       287.6224       286.3342       285.3166       284.7331    
 1955   284.7899       284.9576       285.5340       286.4574       287.5246       288.2414       288.5316       288.2013       287.3740       286.5077       285.1856       284.5380    
 1956   284.6151       284.9326       285.6541       286.4746       287.4872       288.4080       288.5630       288.2491       287.6005       286.3659       285.2028       284.6162    
 1957   284.3952       284.7772       285.4613       286.4005       287.6134       288.3964       288.7755       288.4416       287.5397       286.3288       285.3074       284.7663    
 1958   284.6099       285.1551       285.4761       286.3043       287.3622       288.4670       288.7326       288.3878       287.6165       286.5160       285.3842       284.9662    
 1959   284.7732       285.1714       285.6415       286.4797       287.5681       288.6574       288.9896       288.7051       287.9482       286.9364       285.8475       285.1976    
 1960   284.9828       285.6137       286.1402       287.0366       288.0286       289.0603       289.1551       288.6627       287.6640       286.6053       285.2015       284.3694    
 1961   284.5262       284.7961       285.4235       286.2687       287.3279       288.3342       288.6758       288.2168       287.2989       286.1384       285.0424       284.4738    
 1962   284.4430       285.0771       285.2540       286.2746       287.4106       288.2681       288.6656       288.3187       287.4210       286.4256       285.1928       284.5692    
 1963   284.5810       284.9378       285.4534       286.5469       287.5459       288.3734       288.8516       288.4605       287.7039       286.4821       285.3468       284.6529    
 1964   284.6593       285.2977       285.7485       286.4204       287.4402       288.4548       288.7236       288.4862       287.3693       286.3902       285.2163       284.5746    
 1965   284.5937       284.9875       285.5940       286.6896       287.6825       288.4704       288.5153       288.0394       287.1778       285.9140       284.8548       284.0182    
 1966   284.1681       284.1824       285.1306       286.1389       287.1538       288.1301       288.3949       288.1221       287.2198       286.0929       284.9290       284.2854    
 1967   284.1702       284.5542       285.1559       285.9737       287.1467       288.1535       288.6198       288.3129       287.4421       286.2682       284.8723       284.2426    
 1968   284.6390       284.8491       285.3163       286.3857       287.4636       288.5872       288.8184       288.4025       287.5261       286.2219       285.0529       284.6862    
 1969   284.6867       285.1541       285.7345       286.6981       287.9000       288.7377       289.0726       288.3903       287.5425       286.4899       285.1903       284.8991    
 1970   284.5904       284.5968       285.4500       286.3495       287.5887       288.4277       288.6504       288.3235       287.4811       286.3245       285.2178       284.2415    
 1971   284.0648       284.5241       284.9516       285.8849       287.0077       288.1400       288.3794       288.0360       287.3362       286.1818       285.1798       284.3408    
 1972   284.2737       284.8081       285.2153       286.1612       287.2247       288.4264       288.4851       288.2339       287.5206       286.2663       285.1836       284.1890    
 1973   284.1433       284.6895       285.4308       286.3223       287.5436       288.4895       288.5512       288.2296       287.4801       286.3768       285.3030       284.4612    
 1974   284.6371       284.7274       285.6644       286.4627       287.5077       288.3513       288.5942       288.3642       287.5027       286.3271       285.1577       284.3966    
 1975   284.3115       285.0151       285.5506       286.2617       287.5319       288.4166       288.6886       288.4480       287.6749       286.5370       285.2791       284.4608    
 1976   284.9206       285.2538       285.9974       286.7812       287.8906       288.6379       288.9550       288.6143       287.8055       286.5600       285.3658       284.9249    
 1977   284.9843       285.0927       285.8038       286.5202       287.6047       288.6026       288.8090       288.5150       287.8015       286.5156       285.5862       284.8290    
 1978   284.7097       284.9118       285.5680       286.5757       287.4753       288.5507       288.8565       288.4812       287.5898       286.4582       285.0982       284.6680    
 1979   284.5752       284.8553       285.6087       286.3481       287.4463       288.4942       288.8356       288.2901       287.5161       286.3704       285.1992       284.5687    
 1980   284.7875       284.8422       285.7307       286.5235       287.7104       288.6183       288.8250       288.6913       287.7292       286.5202       285.5291       284.7732    
 1981   284.7803       285.2946       285.8886       286.6306       287.7930       288.7209       288.9695       288.6176       287.7126       286.7933       285.5484       284.9026    
 1982   284.9149       285.1900       285.8032       286.6547       287.6471       288.5955       288.7122       288.3765       287.5252       286.3937       285.0921       284.3594    
 1983   284.4561       284.6036       285.3645       286.0993       287.2899       288.2913       288.5729       288.2632       287.1617       286.2148       285.2133       284.5423    
 1984   284.7115       285.2472       285.6122       286.7122       287.5116       288.4419       288.5946       288.3688       287.4206       286.1891       284.9910       284.3602    
 1985   284.3352       284.7287       285.4110       286.1732       287.4243       288.4908       288.7483       288.3726       287.4965       286.6037       285.3058       284.6907    
 1986   284.6974       285.1052       285.7539       286.8659       287.7469       288.6305       289.0082       288.6603       287.7329       286.6314       285.5249       284.8153    
 1987   285.1530       285.4214       285.9093       287.0170       288.2458       288.9683       288.9391       288.7446       287.8113       286.7109       285.4675       284.9754    
 1988   284.7722       285.0214       285.7891       286.7683       287.7190       288.6605       288.8931       288.6140       287.7318       286.5345       285.4065       285.0856    
 1989   284.9583       285.0749       285.5022       286.5298       287.5126       288.6891       289.0288       288.6416       287.7757       286.6112       285.6600       285.2289    
 1990   285.1860       285.5067       286.2615       287.1132       288.0734       288.9927       289.3337       288.9675       288.0799       287.0870       285.8271       285.3518    
 1991   285.3755       285.6960       286.1637       287.0125       288.1073       288.9594       289.0229       288.5971       287.7112       286.5031       285.3248       284.7517    
 1992   284.5772       284.7761       285.2950       286.2567       287.2071       288.2666       288.5237       288.1580       287.4143       286.1930       284.9081       284.4153    
 1993   284.5064       284.6938       285.3919       286.2871       287.2216       288.2350       288.7045       288.4166       287.6376       286.5650       285.4977       284.6857    
 1994   284.9079       285.0354       285.6547       286.5419       287.6239       288.5862       289.0232       288.7006       287.8217       286.7218       285.5756       284.9452    
 1995   285.2370       285.7060       286.1233       286.9239       288.0525       288.8863       289.1068       288.7344       287.9612       286.8449       285.7878       285.1753    
 1996   284.9369       285.3199       286.0916       286.9502       287.8289       288.7419       288.9840       288.7531       287.9254       286.8721       285.7681       285.0770    
 1997   284.8307       285.3178       286.1103       287.0038       287.9484       288.8771       289.0964       288.8340       287.8918       286.7422       285.6495       285.0763    
 1998   285.2115       285.4641       286.1078       286.8615       287.9723       289.1147       289.2443       288.9027       288.0129       287.0794       285.7895       285.3286    
 1999   285.2432       285.7022       286.0321       286.9395       288.1874       289.0939       289.2874       289.0566       288.3069       287.2153       286.0655       285.3906    
 2000   285.4774       285.7205       286.5023       287.4267       288.3105       289.1313       289.2625       288.8350       288.0756       286.9140       285.7649       285.1178    
 2001   284.7793       285.4720       285.8941       286.9018       287.9455       288.9049       289.1123       288.8216       288.0827       287.0089       285.8911       285.1934    
 2002   284.9478       285.1585       285.7908       286.6564       288.0600       288.9269       289.2051       288.8760       287.9684       286.9966       285.7496       285.3333    
 2003   285.3514       285.9666       286.5375       287.2696       288.2648       289.1384       289.5235       288.9591       288.0118       287.0751       286.0812       285.5673    
 2004   285.6017       285.6961       286.4384       287.4886       288.4830       289.2567       289.1739       288.8132       288.0836       286.9688       285.8872       285.2668    
 2005   285.1624       285.2342       285.9914       286.6211       287.8485       288.9621       289.0370       288.7274       287.9938       286.7608       285.8279       285.2376    
 2006   285.2115       285.4539       285.9168       286.7835       287.7851       288.8964       289.2007       289.1201       288.1599       287.0732       286.0404       285.1839    
 2007   285.3162       285.7970       286.2804       287.2461       288.4363       289.3463       289.5476       289.1591       288.4046       287.4138       286.1996       285.7622    
 2008   285.8178       286.1825       286.7305       287.5895       288.8456       289.5783       289.7651       289.2334       288.4380       287.1922       286.0790       285.1796    
 2009   285.1447       285.6373       285.9258       286.8537       288.0102       289.1063       289.2852       288.9431       288.0878       286.9417       285.8366       285.2968    
 2010   285.1489       285.4573       286.1537       287.0718       288.1667       289.1640       289.4216       289.1573       288.3577       287.3158       286.0564       285.5162    
 2011   285.4680       285.9471       286.3465       287.2378       288.1977       289.2235       289.4961       289.2544       288.3017       287.2906       286.4096       285.8369    
 2012   285.8697       286.1438       286.6848       287.6274       288.7986       289.4951       289.7894       289.3626       288.4946       287.3431       286.2372       285.7740    
 2013   285.4067       285.6761       286.3935       287.1075       288.1511       289.1474       289.2976       289.0483       288.3833       287.1758       285.9227       285.4762    
 2014   285.2387       285.6675       286.0157       286.8322       288.1917       289.0516       289.4168       288.9581       288.3315       287.1102       285.9732       285.4139    
 2015   285.5598       285.6482       286.2334       287.1935       288.1363       289.2155       289.4686       289.1012       288.3766       287.2486       286.0547       285.4700    
 2016   285.3272       285.9312       286.3770       287.3674       288.3706       289.2546       289.6279       289.4577       288.3997       287.3358       286.0240       285.7771    
 2017   285.6102       285.8972       286.4092       287.4942       288.7191       289.4243       289.5215       289.1535       288.1746       287.1936       285.9932       285.2818    
 2018   285.4842       285.7249       286.2115       287.0784       287.9947       288.9320       289.1955       288.9622       288.1918       287.0378       285.9310       285.6124    
 2019   285.5064       285.8099       286.2656       287.2087       288.3975       289.3584       289.5396       289.2462       288.4346       287.2303       286.0751       285.6320    
 2020   285.5107       286.0213       286.6599       287.5113       288.4763       289.4740       289.6110       289.1905       288.4626       287.3792       286.0152       285.6918    
 2021   285.7183       285.8743       286.3392       287.2919       288.4137       289.1261       289.5007       289.1720       288.3598       287.4158       286.1483       285.5453    
 2022   285.5354       285.9192       286.2799       287.3042       288.3154       289.2293       289.5143       289.1258       288.3140       287.3281       286.1688       285.7220    
 2023   285.6358       285.9402       286.5496       287.5377       288.6088       289.5207       289.7638       289.2933       288.5039       287.5111       286.4791       285.9636    
 2024   285.7531       286.2205       286.8624       287.6072       288.8114       289.6563       289.6917       289.4722       288.5585       287.3994       286.4344       286.0255    
 2025   285.7073       286.1231       286.7584       287.5434       288.5581       289.3646       289.5067       289.2570       288.4394       287.2468       286.0606       285.3715    
 2026   285.3447       285.8051       286.1013       287.0242       288.3696       289.3367       289.7294       289.2297       288.4339       287.3577       286.1119       285.6410    
 2027   285.7456       286.2561       286.7010       287.4285       288.4328       289.4290       289.7450       289.4982       288.5739       287.5630       286.5958       285.9553    
 2028   286.0076       286.5023       286.8129       287.6158       288.7554       289.6804       289.8846       289.4743       288.5939       287.4865       286.3904       285.7900    
 2029   285.5941       286.1544       286.6023       287.4827       288.5533       289.5190       289.6807       289.4200       288.6581       287.5607       286.5087       285.9654    
 2030   285.9593       286.1476       286.6429       287.3891       288.5002       289.6140       289.8889       289.5264       288.6566       287.4955       286.4565       285.7284    
 2031   285.7703       286.1743       286.6936       287.5330       288.6835       289.5083       289.8132       289.6080       288.7589       287.6824       286.7242       286.0197    
 2032   286.1862       286.2543       286.7940       287.6668       288.8436       289.8794       290.0741       289.7927       288.9764       287.8692       286.9623       286.1290    
 2033   286.1135       286.3090       287.1169       287.9413       288.8798       289.8669       289.9991       289.6585       288.6905       287.5033       286.2176       285.6932    
 2034   285.4117       285.8308       286.5014       287.4573       288.5721       289.3758       289.7155       289.5032       288.6303       287.5950       286.4598       285.8342    
 2035   285.8416       286.2676       286.8433       287.6550       288.9762       289.7895       290.0513       289.7196       288.9303       287.9833       286.7474       286.2316    
 2036   285.9264       286.2461       286.7600       287.6696       288.8847       289.6795       289.9201       289.6211       288.7930       287.5590       286.4648       285.7579    
 2037   285.8261       286.0873       286.6282       287.5797       288.9726       289.7482       290.1105       289.8790       288.9695       287.9569       286.6254       286.1431    
 2038   286.2027       286.4639       286.8274       287.9457       288.8680       289.8043       290.0455       289.8332       289.0499       288.0541       286.6884       286.3498    
 2039   286.2599       286.5047       286.9485       288.0195       289.0885       290.0050       290.2787       289.9275       288.9831       287.8448       286.7461       285.9333    
 2040   285.9836       286.1809       286.9379       287.8116       288.9767       290.0736       290.1740       290.0379       289.1067       288.0505       286.9611       286.2583    
 2041   286.4409       286.7545       287.0652       288.1083       289.2497       290.1601       290.3156       290.0985       289.2301       288.0299       287.1456       286.1799    
 2042   286.2845       286.6812       287.0677       288.0359       289.1107       290.0637       290.3618       290.2269       289.1820       288.0979       287.1135       286.4608    
 2043   286.4829       286.5374       287.2758       288.0458       289.2735       290.1043       290.3913       290.0109       289.2071       288.3220       287.1326       286.4340    
 2044   286.3891       287.1833       287.3641       288.4380       289.4817       290.3300       290.5640       290.2444       289.3321       288.2195       287.2838       286.4229    
 2045   286.4610       286.8027       287.3864       288.2174       289.2773       290.1419       290.5075       290.1381       289.3815       288.2696       287.2584       286.6632    
 2046   286.9656       286.9636       287.4615       288.4398       289.3887       290.2729       290.5611       290.2128       289.5096       288.4423       287.1868       286.4649    
 2047   286.6344       286.6971       287.3961       288.1909       289.3178       290.3153       290.5487       290.2553       289.5502       288.4496       287.4364       286.6615    
 2048   286.7264       286.9101       287.4993       288.3908       289.5183       290.4209       290.8377       290.4435       289.7513       288.7778       287.7742       287.0283    
 2049   286.8738       286.8894       287.5626       288.6584       289.6947       290.4315       290.5950       290.1994       289.4200       288.2356       287.2596       286.5877    
 2050   286.4497       286.6871       287.3891       288.3209       289.2998       290.2960       290.4911       290.3289       289.5149       288.4746       287.5580       286.9426    
 2051   286.7520       287.3119       287.3736       288.3766       289.4054       290.2440       290.5256       290.1769       289.4659       288.4152       287.3718       286.6702    
 2052   286.4682       286.6307       287.3012       288.2809       289.4575       290.3340       290.4117       290.0369       289.2732       288.1793       287.1977       286.5198    
 2053   286.5388       286.9015       287.5450       288.4318       289.5062       290.4146       290.5381       290.2704       289.3753       288.4963       287.3279       286.7314    
 2054   286.5405       287.0867       287.6972       288.5436       289.6056       290.2980       290.5603       290.1931       289.3466       288.4542       287.4815       286.7548    
 2055   286.7869       287.1823       287.4577       288.5217       289.4384       290.2547       290.4388       290.0915       289.2654       288.1313       287.4333       286.8152    
 2056   286.8054       286.9394       287.6231       288.3416       289.4423       290.2584       290.6587       290.5298       289.6019       288.6997       287.4114       286.8513    
 2057   286.8931       287.0522       287.4426       288.4617       289.4384       290.2058       290.5248       290.2759       289.4616       288.5646       287.5001       286.8403    
 2058   286.8698       287.0382       287.4226       288.4430       289.6841       290.4420       290.7673       290.3593       289.5167       288.6875       287.5804       286.8123    
 2059   286.9998       287.2494       287.4944       288.4590       289.4149       290.4734       290.7289       290.3284       289.6075       288.4080       287.4260       286.8848    
 2060   286.8096       287.1511       287.7560       288.5085       289.5086       290.4205       290.6845       290.2251       289.4574       288.4951       287.3117       286.7630    
 2061   286.8661       286.8771       287.5981       288.5351       289.6893       290.4727       290.7728       290.5026       289.6026       288.4818       287.4855       286.9329    
 2062   286.6515       287.2679       287.6585       288.4757       289.6862       290.5468       290.6171       290.4363       289.6956       288.6857       287.4235       286.9292    
 2063   286.9428       287.2157       287.6673       288.5718       289.7869       290.6155       290.9896       290.7329       289.8908       288.7117       287.8099       287.2641    
 2064   287.2678       287.4193       288.1064       288.7939       289.8708       290.6896       290.9281       290.5659       289.7823       288.8700       287.9970       287.1419    
 2065   287.1216       287.2494       287.4864       288.6345       289.7451       290.5547       290.8430       290.4886       289.5966       288.6601       287.6477       286.8882    
 2066   287.0817       287.1496       287.8988       288.7355       289.7854       290.6905       290.8490       290.6201       289.8076       288.6733       287.7286       287.0297    
 2067   287.0029       287.1589       287.9821       288.7187       289.7525       290.5392       290.9103       290.6373       289.6989       288.7581       287.8199       287.2475    
 2068   287.0101       287.3684       287.8650       288.5170       289.6967       290.6126       290.8452       290.6681       289.8583       288.9621       287.7697       287.0270    
 2069   286.8968       287.2719       287.7592       288.7757       289.7655       290.5852       290.7636       290.5316       289.6494       288.5797       287.6772       286.9194    
 2070   287.1450       287.5866       287.5925       288.5882       289.7989       290.6823       290.9933       290.7636       289.8633       288.8552       287.8159       287.3670    
 2071   287.2424       287.7222       287.9606       289.0268       289.9557       290.8066       290.9681       290.7169       289.8811       288.8989       287.7247       287.2057    
 2072   287.2586       287.5424       287.9282       288.7775       289.8925       290.6741       290.9973       290.7091       289.7786       288.7051       287.5528       286.9938    
 2073   287.0497       287.4660       287.7957       288.9151       289.8969       290.7756       291.1931       290.8586       290.2423       289.1364       288.4367       287.7124    
 2074   287.7963       287.8935       288.2992       289.2032       290.2106       291.0635       291.1180       290.9421       289.9082       288.7918       287.8319       287.2402    
 2075   287.2420       287.3560       287.9386       288.6703       289.9247       290.7116       290.9020       290.5570       289.8560       288.8874       287.6516       286.8996    
 2076   286.9073       287.3405       287.8313       288.6833       289.8118       290.5711       290.8800       290.6961       289.9470       288.8035       287.8566       287.4668    
 2077   287.2476       287.3867       288.0584       288.7895       289.9393       290.6064       290.9252       290.6633       289.9448       288.8520       287.9631       287.3546    
 2078   287.2161       287.0274       287.7946       288.6953       289.9464       290.7011       291.0070       290.7154       289.8632       288.8684       288.0789       287.4826    
 2079   287.4711       287.8377       288.0810       288.8465       289.9584       290.7775       290.9202       290.7709       289.8893       288.8179       287.8634       287.2042    
 2080   287.1987       286.9355       287.7903       288.7887       289.9628       290.9567       291.1598       290.9339       290.0509       288.8970       288.2206       287.6336    
 2081   287.6483       287.6034       288.0549       289.0342       290.1324       290.8986       291.1960       290.8359       289.9275       289.1431       288.1251       287.5177    
 2082   287.3165       287.4062       287.9100       288.8858       290.0485       290.7765       290.9258       290.7170       289.9883       288.8701       287.7952       287.1142    
 2083   287.1051       287.2452       287.7707       288.7587       289.8249       290.7133       291.0241       290.8750       290.0847       289.0009       288.1889       287.5408    
 2084   287.5083       287.7907       288.0474       289.2422       290.2017       291.1178       291.1689       290.7914       289.9794       288.8834       288.0724       287.6372    
 2085   287.6581       287.7825       288.2445       289.0857       289.9908       290.7401       291.0412       290.9072       290.0591       289.1684       288.0754       287.4833    
 2086   287.5522       287.7676       288.3236       289.1242       290.1274       290.9698       291.1479       290.9226       290.0107       288.9185       288.0931       287.2539    
 2087   287.3445       287.4322       288.1968       288.7843       290.0095       290.7409       291.1088       290.8836       290.0191       289.0457       287.9136       287.3541    
 2088   287.2660       287.5598       288.2228       289.0840       290.0478       290.8614       291.1913       291.0411       290.0177       289.0539       288.1720       287.4704    
 2089   287.6097       287.5835       288.1096       289.1592       290.2579       291.0003       291.3015       291.0363       290.3224       289.1914       288.1899       287.4908    
 2090   287.5862       287.8021       288.4665       289.2989       290.1973       291.0100       291.3011       291.0233       290.1791       289.0656       288.0155       287.6244    
 2091   287.2995       287.8011       288.2250       288.9702       290.0992       290.9088       291.2527       291.0385       290.2925       289.1436       288.1937       287.5771    
 2092   287.6510       287.7777       288.2840       289.2931       290.3657       291.1302       291.4104       291.0912       290.2416       289.3047       288.4094       287.7664    
 2093   287.7737       288.0030       288.3983       289.3426       290.2946       291.1658       291.5040       291.0671       290.2311       289.3559       288.4405       287.7657    
 2094   287.8092       287.9134       288.4014       289.2661       290.3997       291.2725       291.5492       291.0915       290.3671       289.3232       288.3074       287.8979    
 2095   287.8869       287.8225       288.5400       289.2697       290.1396       290.9813       291.3136       291.0300       290.1482       289.0971       288.0787       287.4823    
 2096   287.6136       287.8099       288.4003       289.2921       290.3334       290.9672       291.2588       291.0076       290.0107       288.9994       287.9305       287.4498    
 2097   287.2716       287.4766       288.0504       289.0618       289.9656       290.8297       291.0930       290.7780       289.8432       288.8729       287.8504       287.4748    
 2098   287.3964       287.7131       288.3087       288.9863       290.1510       291.0472       291.1840       290.9382       290.3108       289.3123       288.2847       287.8775    
 2099   287.8837       288.3407       288.5444       289.4366       290.5435       291.4205       291.6312       291.2642       290.3139       289.2585       288.2965       287.4527    
 2100   287.5544       287.9194       288.2600       289.3328       290.3634       291.2449       291.3149       290.9990       290.3298       289.1588       287.9879       287.2332    
 2101   287.1696       287.4611       288.0300       288.9477       290.1947       291.0546       291.2788       290.9595       290.3517       289.2025       288.1571       287.5302    
 2102   287.4112       287.6660       288.1434       289.1193       290.3612       291.2175       291.6463       291.3973       290.6402       289.5765       288.6311       287.9996    
 2103   288.0366       288.2583       288.7402       289.6514       290.6379       291.4020       291.5218       291.3253       290.4978       289.5023       288.5310       287.7803    
 2104   287.6958       287.7861       288.3024       289.2318       290.2856       291.1302       291.4628       291.0784       290.3242       289.2763       288.3018       287.8021    
 2105   287.6544       287.9603       288.2998       289.3560       290.3095       291.1126       291.5038       291.2490       290.5471       289.2882       288.6715       287.8055    
 2106   287.5566       287.9186       288.4423       289.4422       290.4303       291.1154       291.5044       291.1540       290.2745       289.4133       288.4493       287.9109    
 2107   287.7859       287.9693       288.6985       289.3583       290.4409       291.1960       291.4887       291.2862       290.4916       289.5374       288.6214       287.9524    
 2108   287.8884       288.0181       288.6699       289.4680       290.4066       291.1619       291.4200       291.1242       290.2741       289.2261       288.1551       287.6819    
 2109   287.4425       287.9719       288.3129       289.0243       290.1904       290.9575       291.3701       290.9805       290.2027       289.2707       288.2596       287.7596    
 2110   287.8079       287.8444       288.6812       289.3654       290.3577       291.1045       291.3920       291.1609       290.4293       289.3415       288.5502       287.8674    
 2111   287.8166       288.1694       288.6295       289.3907       290.4581       291.2026       291.3002       291.1065       290.3218       289.3710       288.4186       287.6686    
 2112   287.4214       288.0199       288.4392       289.5133       290.4051       291.3393       291.6342       291.3960       290.4585       289.3783       288.4798       288.0880    
 2113   287.7654       288.0030       288.7481       289.4141       290.5258       291.2829       291.5732       291.3021       290.5070       289.3778       288.5431       287.8645    
 2114   287.9385       288.0570       288.4152       289.3390       290.5202       291.3491       291.5697       291.3594       290.5434       289.4115       288.6763       288.1714    
 2115   288.1021       288.2587       288.7468       289.4305       290.4931       291.4385       291.7401       291.5362       290.7036       289.6317       288.6135       288.1669    
 2116   288.2035       288.1194       288.8076       289.4848       290.5421       291.3036       291.5274       291.2253       290.2874       289.3657       288.4252       287.4864    
 2117   287.6365       287.8315       288.4467       289.4188       290.4602       291.1593       291.5189       291.3365       290.3863       289.5226       288.5753       287.6616    
 2118   287.7480       287.8668       288.5702       289.5081       290.4121       291.2987       291.4670       291.3646       290.5069       289.3360       288.4300       287.9378    
 2119   287.8549       288.2375       288.4752       289.2127       290.3264       291.2958       291.5087       291.3648       290.4907       289.3738       288.3803       287.8512    
 2120   287.6394       288.0940       288.6137       289.5168       290.5304       291.1530       291.5789       291.2968       290.5272       289.4905       288.5429       288.1443    
 2121   288.2339       288.4605       288.7560       289.6197       290.5664       291.4720       291.7857       291.5238       290.7606       289.6336       288.7554       288.2925    
 2122   288.2530       288.4160       288.8673       289.6128       290.4168       291.1789       291.6993       291.3544       290.4918       289.6620       288.4802       287.5222    
 2123   287.7444       288.1372       288.8094       289.5982       290.6021       291.3534       291.6757       291.4668       290.6509       289.6796       288.6273       288.2053    
 2124   288.0384       288.1599       288.7643       289.6804       290.6113       291.3126       291.5602       291.1912       290.4334       289.5295       288.5556       287.6151    
 2125   287.8688       288.2250       288.4503       289.3852       290.4061       291.1152       291.4761       291.2890       290.4623       289.4897       288.5783       287.8127    
 2126   287.8679       288.1241       288.7453       289.6354       290.4816       291.3512       291.6457       291.4724       290.6585       289.6631       288.7095       287.9444    
 2127   288.1818       288.2676       288.7807       289.5826       290.6411       291.2881       291.6111       291.3222       290.6724       289.7399       288.5367       288.1173    
 2128   288.0364       287.9722       288.4174       289.3708       290.4229       291.1300       291.5353       291.4161       290.6635       289.4995       288.5999       287.9285    
 2129   287.8673       288.2703       288.9805       289.6250       290.6984       291.5958       291.7549       291.6193       290.7956       289.7972       288.9146       288.3731    
 2130   287.9918       288.4742       289.0656       289.9041       290.9324       291.5290       291.8125       291.5710       290.5266       289.5353       288.7409       288.0720    
 2131   287.8711       288.1193       288.6328       289.4337       290.5480       291.2657       291.5924       291.2667       290.4741       289.4129       288.4546       287.7804    
 2132   287.9315       288.3010       288.7212       289.5082       290.5854       291.5433       291.8137       291.5607       290.7113       289.8135       288.8815       288.3669    
 2133   288.2656       288.5225       289.1123       289.7253       290.6943       291.4925       291.6595       291.4668       290.6314       289.5436       288.5953       288.0633    
 2134   287.6661       288.1079       288.5688       289.5550       290.5343       291.3058       291.6900       291.4200       290.8382       289.6560       288.7343       288.1120    
 2135   288.2211       288.1555       288.6344       289.6938       290.6572       291.5417       291.9060       291.7621       290.8606       289.8793       288.9731       288.3113    
 2136   288.2554       288.8088       289.0755       289.9000       290.8515       291.6311       291.8434       291.6917       290.7566       289.7865       288.7695       288.2772    
 2137   288.2052       288.6233       289.1794       289.8412       290.8739       291.5652       291.8596       291.5212       290.7271       289.6325       288.7611       288.1282    
 2138   287.9898       288.4487       288.8036       289.5486       290.6165       291.5215       291.7985       291.6303       290.7520       289.7948       288.6510       288.0922    
 2139   288.0556       288.0250       288.6284       289.7570       290.7856       291.5710       291.7021       291.5711       290.7703       289.6897       288.8347       288.3589    
 2140   288.0605       288.0270       288.9100       289.7975       290.7636       291.5810       291.8684       291.4566       290.7381       289.7449       288.7623       288.1788    
 2141   287.9267       288.1049       288.6842       289.5010       290.4992       291.4659       291.7247       291.4795       290.6278       289.7678       288.8629       288.3470    
 2142   288.3066       288.5226       289.3257       289.7896       290.8932       291.6080       291.9641       291.7678       290.8279       289.8458       288.9615       288.3477    
 2143   288.2316       288.5345       289.1418       289.5935       290.6898       291.4526       291.9158       291.4729       290.8121       289.7029       288.6729       288.0075    
 2144   288.0706       288.4660       288.8955       289.6480       290.7173       291.5054       291.7331       291.6045       290.9346       289.9595       288.9486       288.4485    
 2145   288.6076       288.5551       288.9657       289.8073       290.9047       291.8034       291.9268       291.6367       290.8170       289.9572       288.8713       288.4972    
 2146   288.1215       288.5306       288.9322       289.8321       290.7463       291.7164       292.0571       291.6490       290.7965       289.8414       288.8400       288.3288    
 2147   288.1778       288.3823       288.8118       289.6387       290.5237       291.3246       291.5537       291.4469       290.6549       289.5349       288.6939       288.1083    
 2148   288.0077       288.3261       288.8246       289.5851       290.6323       291.4960       291.8929       291.5524       290.7267       289.6491       288.8837       288.3271    
 2149   288.1943       288.3957       289.1888       289.9633       290.9819       291.6124       292.0160       291.8267       290.9697       289.8591       288.8958       288.4475    
 2150   288.4345       288.8142       289.2230       289.7676       290.7801       291.6617       291.7886       291.5550       290.7333       289.7080       288.6730       287.9747    
 2151   288.0020       288.2973       288.7654       289.3553       290.3456       291.3241       291.6637       291.5230       290.7499       289.7208       288.7856       288.2954    
 2152   288.1352       288.1109       288.9063       289.6402       290.5290       291.3838       291.9019       291.7232       290.9398       289.8218       289.0937       288.3244    
 2153   288.4756       288.7708       289.2599       289.8801       290.8104       291.6428       292.0828       291.8731       290.8442       289.8776       288.9901       288.4319    
 2154   288.2333       288.5019       288.8772       289.7921       290.6595       291.4479       291.6204       291.5212       290.7842       289.6755       288.8454       287.9878    
 2155   287.8352       288.1243       288.6163       289.5466       290.5647       291.4303       291.6073       291.4311       290.6894       289.6064       288.7417       288.1624    
 2156   288.1180       288.2416       288.9814       289.7458       290.7610       291.4815       291.8582       291.7099       290.8845       289.7474       288.7039       288.2798    
 2157   288.2581       288.7172       289.0586       289.5654       290.6467       291.4909       291.9032       291.6986       290.8088       289.8465       288.9716       288.2795    
 2158   288.2397       288.4885       288.9306       289.5683       290.8578       291.5688       291.9129       291.7388       290.7068       289.7299       288.8233       288.1467    
 2159   288.0470       288.1931       288.6858       289.4620       290.6660       291.4393       291.8150       291.7332       291.0490       290.1538       289.1623       288.6201    
 2160   288.6547       288.8416       289.4384       290.1950       291.2152       291.8875       291.9417       291.6391       290.7568       289.6179       288.5552       288.1430    
 2161   288.1554       288.3656       288.7788       289.7515       290.5753       291.4665       291.8707       291.5478       290.6385       289.6812       288.5291       287.8701    
 2162   287.9587       288.4847       288.7281       289.6830       290.7017       291.5453       291.8114       291.4186       290.6508       289.6118       288.7966       288.1015    
 2163   288.1946       288.2180       288.6504       289.7228       290.6353       291.4888       291.8515       291.4751       290.8376       289.8760       288.8247       288.3177    
 2164   288.3451       288.6351       289.1468       289.9464       290.8493       291.7034       291.8726       291.7162       290.8407       289.8975       288.8300       288.2389    
 2165   288.2130       288.1969       288.8117       289.6622       290.6902       291.4926       291.6371       291.3439       290.6872       289.5236       288.7653       288.0520    
 2166   288.0982       288.3494       288.7846       289.7381       290.8084       291.6277       291.9980       291.9324       290.8990       289.8383       288.9217       288.4680    
 2167   288.3510       288.4998       288.9558       289.9072       290.7289       291.5417       291.7841       291.6437       290.7282       289.7831       289.0224       288.3039    
 2168   288.4802       288.6732       288.9731       289.8527       290.7480       291.4868       291.7371       291.5688       290.6643       289.5754       288.8272       288.3015    
 2169   288.0776       288.3598       288.8074       289.4846       290.6303       291.2886       291.7127       291.4811       290.5209       289.5812       288.7690       287.8640    
 2170   287.9725       288.1292       288.6359       289.5515       290.7982       291.4359       291.7404       291.4052       290.6872       289.6422       288.8707       288.1205    
 2171   288.1789       288.3072       288.7479       289.5450       290.5664       291.3997       291.8147       291.4647       290.6725       289.7590       288.9497       288.2833    
 2172   288.2344       288.3379       288.7002       289.7457       290.7156       291.5777       291.7718       291.6171       290.7875       289.9158       288.7606       288.2196    
 2173   288.1601       288.2390       288.7398       289.6066       290.6476       291.4265       291.7173       291.5119       290.7552       289.6704       288.6191       288.0070    
 2174   287.8100       288.2906       288.8604       289.7213       290.6429       291.4847       291.8535       291.6198       290.7054       289.8718       289.0270       288.5318    
 2175   288.4447       288.6815       289.1653       289.9630       290.8128       291.7258       292.0701       291.8801       290.9597       289.8207       288.6476       288.1872    
 2176   288.1387       288.1766       288.7586       289.7547       290.7489       291.5586       291.7678       291.5952       290.9081       289.8163       288.9167       288.2507    
 2177   288.3856       288.5217       288.8908       289.6741       290.9499       291.6156       291.9139       291.7053       290.9886       289.9542       288.9120       288.4555    
 2178   288.2907       288.4178       288.7239       289.7386       290.7840       291.5356       291.7254       291.4968       290.6690       289.8241       288.8556       288.1344    
 2179   288.2684       288.2137       288.9048       289.7540       290.8222       291.5573       291.8261       291.6558       290.7671       289.6898       288.9214       288.4369    
 2180   288.4324       288.5623       289.0844       289.9686       290.9083       291.6769       292.1625       291.8739       290.9210       289.9200       289.1165       288.3940    
 2181   288.4567       288.7346       289.2284       289.8226       290.8878       291.7653       292.1545       291.8897       291.0016       290.0143       289.0193       288.4557    
 2182   288.3874       288.7515       289.1382       289.7943       290.9705       291.6376       291.9090       291.9078       291.0789       290.0633       289.1236       288.4536    
 2183   288.4869       288.7461       289.4439       290.0159       290.8826       291.7348       292.1097       291.8651       291.0752       289.9918       289.1219       288.5449    
 2184   288.4205       288.7093       289.0758       290.0795       290.9409       291.6499       292.0231       291.8634       291.1318       290.0384       289.0038       288.6239    
 2185   288.4637       288.5719       289.0566       290.0281       290.9338       291.7836       292.1128       291.9173       290.9180       289.8318       288.9475       288.4576    
 2186   288.3532       288.4770       288.8633       289.7944       290.8414       291.5288       291.7263       291.5702       290.7859       289.8430       288.8629       288.1280    
 2187   288.2577       288.3821       288.8345       289.7568       290.7623       291.4779       291.9336       291.6854       290.9444       289.9604       289.1272       288.5319    
 2188   288.2926       288.5110       289.1425       289.9186       290.9288       291.6499       291.8845       291.6209       290.8658       289.8856       289.0627       288.3670    
 2189   288.5508       288.7697       289.2288       290.1319       291.0667       291.7839       292.1486       291.7833       290.8719       289.9924       289.0839       288.6020    
 2190   288.4921       288.5485       289.0154       289.9777       290.8638       291.5444       291.8956       291.7133       290.8333       289.6789       288.6926       288.2719    
 2191   288.0899       288.4399       288.8162       289.6397       290.6254       291.3526       291.7443       291.5001       290.8429       289.7077       288.7059       288.0601    
 2192   288.0955       288.3284       288.8658       289.7766       290.6377       291.5236       291.8765       291.5545       290.7446       289.8454       288.9114       288.0143    
 2193   287.9794       288.2405       288.9275       289.9150       290.7320       291.5164       291.8257       291.5858       290.7721       289.7459       288.6805       288.2123    
 2194   288.2670       288.6506       289.0813       289.8277       290.8631       291.6669       291.9636       291.8518       290.9313       290.0226       289.0053       288.4749    
 2195   288.5567       288.6364       289.2859       289.9247       290.9901       291.6136       291.6721       291.5149       290.6885       289.5829       288.8000       288.0959    
 2196   288.1213       288.3943       288.6516       289.7067       290.6951       291.6077       291.9364       291.7477       290.9526       290.0121       289.0518       288.3981    
 2197   288.3095       288.4552       288.9120       289.9748       290.8995       291.6546       291.9979       291.6392       290.9409       289.9578       289.1729       288.5185    
 2198   288.6102       288.8399       289.2144       290.0081       291.0636       291.7354       292.1556       291.8371       290.9602       290.0531       289.0273       288.1906    
 2199   288.0983       288.4499       288.8530       289.5104       290.6604       291.5771       291.9259       291.5888       290.7640       289.7179       288.6852       288.0877    
 2200   288.0995       288.2888       288.9152       289.5233       290.7015       291.4167       291.9699       291.6550       290.8394       289.9303       288.9871       288.3682    
 2201   288.1650       288.4178       289.1093       290.9846       290.9846       291.7416       292.0679       291.8994       291.0552       290.0716       289.2415       288.3697    
 2202   288.1237       288.5870       289.0392       290.6659       290.6659       291.6669       291.9185       291.6672       290.8781       289.9315       288.7933       288.3081    
 2203   288.3900       288.3459       288.8798       290.7504       290.7504       291.4860       291.8989       291.5617       290.8296       289.9375       289.0297       288.3762    
 2204   288.5398       288.7552       289.1158       290.9875       290.9875       291.7450       292.0479       291.8807       290.9307       290.0791       288.9203       288.2379    
 2205   288.4322       288.5220       288.9908       290.9134       290.9134       291.6971       291.8382       291.5039       290.7419       289.6864       288.7007       288.0231    
 2206   288.1390       288.6086       288.7328       290.6045       290.6045       291.5220       291.7581       291.5236       290.7927       289.6741       288.7113       288.0191    
 2207   288.0396       288.2458       288.9170       290.6375       290.6375       291.5376       291.9064       291.6600       290.8308       289.6962       288.9543       288.1459    
 2208   288.3714       288.6185       288.8634       290.7472       290.7472       291.5273       292.0192       291.7149       291.0581       290.0172       289.1725       288.7378    
 2209   288.5298       288.7427       289.1487       291.0814       291.0814       291.8112       291.9280       291.5902       290.8448       289.6872       288.7937       287.9918    
 2210   287.9206       288.1934       288.6483       290.5939       290.5939       291.4392       291.8575       291.7172       290.7445       289.7522       288.7772       288.0677    
 2211   287.9858       288.6952       288.9725       290.7003       290.7003       291.5455       291.9032       291.5835       290.8430       289.9824       289.1427       288.4075    
 2212   288.4902       288.7601       289.0751       291.0990       291.0990       291.8409       292.1489       291.8800       291.1714       290.0970       289.0937       288.4069    
 2213   288.3411       288.4348       288.9798       290.9491       290.9491       291.6826       291.9453       291.6346       290.9966       289.8584       288.9296       288.3557    
 2214   288.3503       288.7703       289.3190       290.9141       290.9141       291.9485       292.3094       291.9739       291.1026       290.1299       289.1320       288.5157    
 2215   288.7412       288.7799       289.4165       291.1436       291.1436       291.9688       292.2328       292.1017       291.0237       289.9509       289.0185       288.4530    
 2216   288.3468       288.4354       288.8586       290.7148       290.7148       291.3845       291.7552       291.7129       290.9239       289.8241       289.0218       288.4345    
 2217   288.1795       288.3430       288.8587       290.9704       290.9704       291.7669       292.0205       291.7652       290.9177       289.8841       288.9558       288.4360    
 2218   288.5251       288.5702       288.9439       290.7212       290.7212       291.5536       291.8910       291.7132       291.0398       289.8918       289.2001       288.6476    
 2219   288.4572       288.5543       288.9292       290.8599       290.8599       291.5665       291.9845       291.6307       290.7032       289.8226       288.7535       288.1930    
 2220   288.2769       288.6746       289.2820       290.8270       290.8270       291.7293       292.0486       291.9655       291.0081       290.0229       289.2521       288.8417    
 2221   288.8107       288.8960       289.4697       290.9140       290.9140       291.8504       291.9767       291.9078       291.0755       290.0510       289.3225       288.4286    
 2222   288.5181       288.7500       289.1162       291.1645       291.1645       291.7911       292.1325       291.9750       291.0768       290.0316       289.0655       288.4935    
 2223   288.3221       288.4760       288.8945       291.0662       291.0662       291.7527       292.0120       291.7903       290.9800       289.9974       288.9764       288.5363    
 2224   288.5103       288.8111       289.1764       291.0671       291.0671       291.6026       292.0066       291.8673       290.9220       289.9420       289.0517       288.4178    
 2225   288.5573       288.7054       289.1803       291.1229       291.1229       291.7742       292.1437       291.8853       291.0198       290.0643       289.1257       288.6727    
 2226   288.4530       288.9405       289.4399       291.0124       291.0124       291.7256       292.0382       291.8000       290.8381       289.9020       288.9177       288.2946    
 2227   288.7441       288.5980       289.0370       290.9208       290.9208       291.8453       292.0153       291.8871       290.9316       289.9411       289.1036       288.4375    
 2228   288.6603       288.5655       289.1646       290.9257       290.9257       291.6914       291.8572       291.7225       290.8374       289.9522       289.0262       288.5581    
 2229   288.3654       288.6819       289.2083       290.9405       290.9405       291.8065       292.2270       291.9198       291.0043       290.0486       289.2569       288.5990    
 2230   288.5110       288.9104       289.2356       291.1243       291.1243       291.8745       292.2237       292.0784       291.0817       290.0660       289.1763       288.3806    
 2231   288.5649       288.6702       289.0307       291.0409       291.0409       291.8657       292.1288       291.9391       291.0105       290.2384       289.1133       288.6692    
 2232   288.6479       288.4594       289.1589       290.9720       290.9720       291.7909       292.0607       291.9798       291.0450       290.0647       289.0541       288.6295    
 2233   288.5700       288.7557       289.3459       291.1969       291.1969       291.8492       292.3579       292.1801       291.2784       290.1856       289.4632       288.7889    
 2234   288.9600       289.2213       289.6863       291.1682       291.1682       292.0444       292.3326       291.9643       291.1688       290.1289       289.3480       288.6735    
 2235   288.4605       288.6689       289.1085       291.1896       291.1896       292.0925       292.3749       292.0516       291.3223       290.0873       289.2703       288.7039    
 2236   288.7486       288.8865       289.2748       290.9094       290.9094       291.8302       292.1826       291.9662       290.9369       289.9612       288.9370       288.2951    
 2237   288.5673       288.7322       289.2024       291.2131       291.2131       291.8305       292.0000       291.9658       291.1401       290.2032       289.2079       288.5884    
 2238   288.6805       288.9275       289.4690       291.0899       291.0899       291.7160       292.3057       291.9587       291.2086       290.0426       289.0671       288.7020    
 2239   288.6350       288.8599       289.2058       291.1135       291.1135       291.9096       292.2150       291.9340       291.2254       290.3786       289.3456       288.5545    
 2240   288.8280       288.9688       289.4500       291.3949       291.3949       292.1099       292.4313       292.3301       291.3371       290.4580       289.2632       288.6252    
 2241   288.6416       288.7039       289.0500       290.8053       290.8053       291.8151       291.9617       291.7670       290.9441       290.0010       288.9901       288.5173    
 2242   288.4009       288.9216       289.3021       291.1618       291.1618       291.8196       292.0875       291.9484       291.1921       290.0201       289.2364       288.7759    
 2243   288.6524       288.8144       289.1244       290.9473       290.9473       291.8306       291.9880       291.8899       291.1912       290.0715       289.0936       288.4647    
 2244   288.7172       288.7693       289.3254       291.1324       291.1324       291.9951       292.2944       291.9491       291.0905       289.9414       288.9816       288.3047    
 2245   288.1830       288.6405       289.0276       291.0849       291.0849       291.8946       292.2133       292.0619       291.1578       290.0742       289.1471       288.5679    
 2246   288.5314       288.7411       289.3384       291.0488       291.0488       291.8157       292.0705       292.0217       291.2533       289.9953       289.2026       288.5871    
 2247   288.5847       288.6265       289.3207       291.1458       291.1458       291.9013       292.3745       291.9361       291.0912       290.2161       289.2789       288.9851    
 2248   288.9334       288.9288       289.2401       291.2245       291.2245       292.0060       292.3337       292.0330       291.2665       290.2733       289.3353       288.7934    
 2249   288.9119       289.1077       289.2717       291.0617       291.0617       291.7267       292.1247       291.7790       291.0646       290.0670       289.1685       288.6876    
 2250   288.6349       288.6311       289.1037       291.1211       291.1211       292.0025       292.1917       292.0630       291.1880       290.2512       289.1396       288.7158    
 2251   288.5974       288.7007       289.3798       291.2294       291.2294       291.8701       292.2510       292.0555       291.1954       290.1752       289.2531       288.7909    
 2252   288.8015       289.0226       289.4717       291.1519       291.1519       291.9525       292.3151       292.1079       291.1608       290.1185       289.1927       288.5493    
 2253   288.7407       288.8195       289.1497       291.0366       291.0366       291.8369       292.1809       291.9399       291.1346       290.1461       289.1256       288.6027    
 2254   288.5974       288.9646       289.3337       291.0362       291.0362       291.8788       292.2489       292.0079       291.1172       290.2014       289.2528       288.6568    
 2255   288.4960       288.9325       289.5806       291.2974       291.2974       292.0461       292.5245       292.2538       291.2554       290.2286       289.2908       288.8036    
 2256   288.6313       288.7279       289.2478       291.0122       291.0122       291.8885       292.0397       291.8223       291.0374       289.9829       289.0433       288.2583    
 2257   288.3623       288.6222       289.1596       291.0315       291.0315       291.7445       292.0663       291.8791       291.1696       289.9258       289.0517       288.5555    
 2258   288.5332       288.6841       289.2154       291.1081       291.1081       291.9593       292.2636       292.1113       291.2715       290.1728       289.1292       288.5293    
 2259   288.4969       288.7938       289.4243       290.9614       290.9614       291.9776       292.2840       292.1781       291.2412       290.3884       289.3292       288.8479    
 2260   288.7044       288.9176       289.4890       291.3604       291.3604       292.1577       292.4974       292.3117       291.5043       290.5160       289.4968       288.9972    
 2261   289.0798       289.0992       289.5077       291.2596       291.2596       291.8849       292.0928       291.9819       291.2144       289.9364       289.2194       288.5753    
 2262   288.4860       288.8063       289.4167       291.0562       291.0562       291.8596       292.1920       292.2086       291.3085       290.2134       289.3247       288.6566    
 2263   288.5704       288.8808       289.3976       291.1648       291.1648       292.0229       292.2686       292.1104       291.1898       290.2404       289.3931       288.7854    
 2264   288.7984       288.9053       289.3297       291.2427       291.2427       291.8782       292.2288       291.9718       291.1556       290.0519       289.1216       288.5624    
 2265   288.4503       288.5910       289.1428       290.8899       290.8899       291.8061       292.1634       291.9515       291.1181       290.1717       289.3151       288.7807    
 2266   288.8560       288.7919       289.3315       290.9904       290.9904       291.9236       292.2929       292.0840       291.3164       290.4078       289.2209       288.8702    
 2267   288.8337       289.0375       289.5827       291.2729       291.2729       292.0060       292.2885       292.1209       291.1957       290.1051       289.2760       288.6378    
 2268   288.3812       288.7368       289.2083       291.1736       291.1736       291.9878       292.2403       291.8492       291.3004       290.2545       289.2397       288.9856    
 2269   288.9733       288.8497       289.2769       290.9952       290.9952       291.7758       292.1897       292.1064       291.1473       290.2765       289.4315       288.8516    
 2270   288.7188       289.0231       289.6785       291.1842       291.1842       292.0698       292.6265       292.4431       291.6405       290.4337       289.7326       289.1202    
 2271   289.0072       289.3524       289.6669       291.2472       291.2472       292.1651       292.4417       292.1396       291.1841       290.2123       289.3725       288.7010    
 2272   288.6545       288.9898       289.4385       291.1943       291.1943       291.9282       292.1411       291.8990       291.1072       290.0967       289.1764       288.5624    
 2273   288.4709       288.7705       289.5834       291.2040       291.2040       292.0218       292.3244       292.1417       291.3172       290.2314       289.3614       288.8250    
 2274   288.9551       289.1168       289.6320       291.3113       291.3113       292.0654       292.4272       292.1321       291.2784       289.9710       289.2897       288.8421    
 2275   288.5977       288.9110       289.3745       291.2265       291.2265       291.9403       292.2339       292.0016       291.1815       290.0779       289.2530       288.6716    
 2276   288.5616       288.7039       289.2058       291.1284       291.1284       292.0002       292.3105       292.2220       291.3173       290.2480       289.0911       288.9333    
 2277   288.8847       289.1397       289.6667       291.2703       291.2703       292.0784       292.4336       292.4276       291.6399       290.4250       289.5213       289.1195    
 2278   289.0157       289.1008       289.5452       291.2919       291.2919       292.0554       292.3026       292.0759       291.2814       290.2383       289.2151       288.7513    
 2279   288.7216       289.0489       289.3621       291.0602       291.0602       291.9516       292.3120       292.0198       291.2884       290.1806       289.3932       288.7808    
 2280   288.6774       289.0276       289.5102       291.1881       291.1881       292.0082       292.4323       292.0805       291.3017       290.2053       289.4323       288.9254    
 2281   288.8490       289.0096       289.5797       291.1125       291.1125       291.9189       292.2950       292.1247       291.2730       290.3123       289.5727       288.9234    
 2282   288.8464       289.1206       289.6532       291.3195       291.3195       292.0563       292.3938       292.1856       291.3185       290.3098       289.3438       289.0098    
 2283   288.7350       288.9594       289.2733       291.0595       291.0595       291.9325       292.2544       291.9989       291.2833       290.3455       289.5415       288.8891    
 2284   288.9340       289.2090       289.3793       291.3499       291.3499       292.0923       292.2995       292.1368       291.2230       290.2069       289.2230       288.7182    
 2285   288.7108       289.0215       289.1826       291.3373       291.3373       291.9606       292.2218       292.1320       291.1654       290.2646       289.5460       288.8789    
 2286   288.9030       288.9179       289.3656       291.0530       291.0530       292.0809       292.3418       292.0760       291.1905       290.2338       289.2464       288.6512    
 2287   288.8872       289.1048       289.4805       291.1861       291.1861       291.9524       292.2103       292.1109       291.2657       290.3467       289.4141       289.0574    
 2288   289.0692       288.9440       289.5237       291.2425       291.2425       292.0814       292.4365       292.0777       291.2388       290.2805       289.4066       288.8949    
 2289   288.9297       289.1162       289.5906       291.2501       291.2501       292.1062       292.4823       292.0491       291.2455       290.0903       289.1093       288.6483    
 2290   288.5190       288.9163       289.4337       291.3182       291.3182       292.0678       292.5119       292.2683       291.4470       290.4355       289.5291       288.7782    
 2291   288.9986       289.1842       289.7802       291.5246       291.5246       292.2476       292.7186       292.4890       291.6086       290.5106       289.5700       289.1173    
 2292   288.7491       289.0575       289.7430       291.5309       291.5309       292.3027       292.5410       292.2649       291.3620       290.2775       289.3365       289.0127    
 2293   288.6287       289.0841       289.4262       291.2510       291.2510       291.9867       292.2423       292.1570       291.3610       290.2979       289.4336       288.7617    
 2294   288.8125       289.0484       289.5898       291.4784       291.4784       292.2670       292.7077       292.5426       291.6450       290.5565       289.6775       289.3928    
 2295   289.3153       289.7199       289.9940       291.5256       291.5256       292.2675       292.4553       292.2914       291.2616       290.3129       289.3663       288.8264    
 2296   288.6185       288.6843       289.2607       291.0963       291.0963       291.7556       292.0099       291.9359       290.9306       290.0423       289.0947       288.5279    
 2297   288.3470       289.1594       289.6595       291.2504       291.2504       292.0041       292.3822       292.2497       291.4460       290.3224       289.5686       288.9910    
 2298   289.0547       289.1850       289.9113       291.4490       291.4490       292.0170       292.4179       292.1612       291.3515       290.3609       289.3662       288.9817    
 2299   288.9664       289.3147       289.6774       291.4938       291.4938       292.1698       292.5181       292.2401       291.3336       290.3087       289.4832       288.9571    
 2300   288.6853       288.8823       289.3120       291.1183       291.1183       291.9872       292.2699       292.1076       291.3098       290.2918       289.3921       288.9164    
