# using minimal fraction of valid points 30.00
# tas [K] from MIUB  model output prepared for IPCC Fourth Assessment climate of the 20th Century experiment (20C3M) r3i0p0
# cutting out region lon=   -1.875  358.125, lat=  -88.999   88.999
 1860   284.0818       284.1548       285.2214       286.4002       287.5681       288.2211       288.5600       288.4797       287.8119       286.7893       285.7548       284.7618    
 1861   284.4646       284.8410       285.8087       286.6915       287.6035       288.2781       288.5456       288.2995       287.6509       286.6901       285.5473       284.7200    
 1862   284.5199       284.7421       285.4401       286.4980       287.6237       288.1769       288.4295       288.4153       287.7627       286.7790       285.6555       284.9239    
 1863   284.6674       284.9850       285.9337       286.9181       287.8014       288.4077       288.7415       288.4342       287.7841       286.8844       285.8359       284.9363    
 1864   284.5969       284.8531       285.5347       286.7973       287.5869       288.1657       288.4319       288.2193       287.6242       286.5074       285.4291       284.5997    
 1865   284.0424       284.3698       285.3627       286.6124       287.5447       288.0275       288.3979       288.2826       287.7963       286.6859       285.5933       284.7857    
 1866   284.6284       284.9371       285.7142       286.8330       287.6550       288.0440       288.3282       288.1875       287.4350       286.4082       285.2571       284.4717    
 1867   284.3387       284.3748       285.3598       286.5514       287.5269       288.1914       288.4020       288.2219       287.6833       286.8189       285.7127       284.8698    
 1868   284.5594       284.6563       285.4262       286.6358       287.5129       288.1410       288.3158       288.3340       287.6686       286.4840       285.4576       284.6146    
 1869   284.4232       284.3339       285.4335       286.4868       287.4845       288.1443       288.5164       288.4007       287.7647       286.6648       285.6279       284.6990    
 1870   284.5304       284.8536       285.7138       286.6890       287.8058       288.2936       288.5347       288.3072       287.7207       286.7043       285.5483       284.7580    
 1871   284.2137       284.6200       285.2902       286.5302       287.6615       288.1964       288.5157       288.4801       287.9010       286.7722       285.6753       284.9504    
 1872   284.5396       284.6032       285.4204       286.5584       287.6311       288.1689       288.3462       288.1170       287.4379       286.4856       285.3673       284.4736    
 1873   284.1908       284.4396       285.3060       286.6477       287.3422       288.0312       288.4921       288.2517       287.6797       286.6010       285.6928       284.7674    
 1874   284.7160       284.8567       285.8967       286.9590       287.6984       288.1756       288.3379       288.2249       287.5304       286.4853       285.4700       284.6333    
 1875   284.3412       284.6248       285.5240       286.5125       287.4886       288.0922       288.5227       288.3372       287.6906       286.7455       285.5306       284.7375    
 1876   284.7477       284.7305       285.4626       286.6828       287.4795       288.0511       288.4245       288.2473       287.6768       286.6097       285.3563       284.7443    
 1877   284.3160       284.5369       285.3703       286.5365       287.5689       288.1536       288.4185       288.3288       287.7025       286.6123       285.2995       284.6758    
 1878   284.2872       284.6449       285.5946       286.4509       287.3298       287.8922       288.2481       288.1276       287.3747       286.3734       285.3711       284.6008    
 1879   284.2432       284.4099       285.2411       286.2459       287.2809       287.8596       288.1774       288.2136       287.5551       286.6735       285.7041       284.6254    
 1880   284.6740       284.9135       285.5819       286.6297       287.4975       288.0358       288.2848       288.0944       287.4506       286.4415       285.4168       284.4834    
 1881   284.3263       284.4909       285.2249       286.5193       287.3993       288.0630       288.3844       288.1813       287.6079       286.6042       285.4751       284.6858    
 1882   284.4942       284.6048       285.2642       286.3774       287.4122       288.0902       288.3280       288.2011       287.5151       286.5064       285.2653       284.4126    
 1883   284.2018       284.5126       285.3917       286.3079       287.2698       287.8702       288.1288       287.9756       287.3788       286.2939       285.2587       284.4549    
 1884   284.1499       284.2311       285.2844       286.4865       287.3130       287.9532       288.3003       288.0909       287.3384       286.3085       285.1145       284.2652    
 1885   283.9695       284.3318       285.1690       286.2449       287.2220       287.9423       288.2438       288.0394       287.5233       286.4307       285.1915       284.5554    
 1886   284.2092       284.4973       285.2588       286.4476       287.4367       287.9503       288.2355       288.0185       287.3042       286.3325       285.2904       284.4713    
 1887   284.0891       284.5210       285.4590       286.6443       287.4270       287.8807       288.1770       288.1312       287.4834       286.4945       285.5296       284.4048    
 1888   284.1549       284.7230       285.1145       286.3923       287.2974       287.8402       288.1483       287.9586       287.3776       286.4312       285.3288       284.4579    
 1889   284.0175       284.3955       285.2629       286.3942       287.4587       287.9805       288.2789       288.1932       287.6319       286.6088       285.3988       284.5534    
 1890   284.3593       284.3654       285.1136       286.3738       287.3706       287.9396       288.1904       287.9162       287.3547       286.2791       285.0984       284.3110    
 1891   283.9851       284.3931       285.5150       286.4734       287.2571       288.0154       288.3839       288.1837       287.5676       286.5486       285.4712       284.7865    
 1892   284.4316       284.8856       285.5565       286.5663       287.6061       288.1166       288.3757       288.3181       287.6992       286.6931       285.6903       284.6941    
 1893   284.3363       284.5698       285.5565       286.7416       287.6075       288.0431       288.4084       288.2414       287.6445       286.5440       285.5780       284.6844    
 1894   284.2789       284.7550       285.5651       286.5745       287.4807       288.1273       288.4842       288.3173       287.8476       286.8305       285.7418       284.8177    
 1895   284.6377       284.9477       285.6133       286.7415       287.4948       288.1127       288.3947       288.2681       287.5578       286.4475       285.3768       284.5671    
 1896   284.3404       284.7185       285.5590       286.4742       287.4727       288.0861       288.6138       288.4594       287.8598       286.7643       285.7274       285.1498    
 1897   284.6445       284.8693       285.7547       286.6664       287.6754       288.1954       288.5142       288.3255       287.4815       286.3720       285.2735       284.2458    
 1898   284.0947       284.4868       285.2167       286.4116       287.4445       287.9796       288.4214       288.2415       287.5455       286.5330       285.5221       284.7710    
 1899   284.4954       284.7298       285.6513       286.4256       287.4086       288.1331       288.4287       288.1891       287.4562       286.5074       285.3508       284.6407    
 1900   284.4476       284.4014       285.3702       286.6078       287.5238       288.1915       288.5900       288.4844       287.6671       286.6829       285.5752       284.6974    
 1901   284.5837       284.7574       285.7008       286.7640       287.5742       288.2348       288.5038       288.3005       287.6451       286.5393       285.3438       284.5219    
 1902   284.2823       284.5432       285.4181       286.3582       287.3146       287.8297       288.0369       287.9450       287.3470       286.4247       285.3647       284.6321    
 1903   284.0891       284.6844       285.6001       286.5237       287.5104       287.9834       288.2298       288.0070       287.2789       286.1728       284.9900       284.1329    
 1904   283.8388       284.0737       285.0972       286.2047       287.2041       287.7018       288.0214       287.9995       287.4152       286.3513       285.5103       284.7509    
 1905   284.4295       284.7752       285.5426       286.4718       287.3558       287.9582       288.1734       287.8576       287.2590       286.1917       284.9715       284.1162    
 1906   284.0075       284.4749       285.2924       286.4708       287.3119       287.8851       288.3130       288.1368       287.5266       286.5604       285.5987       284.7495    
 1907   284.1275       284.5342       285.5618       286.5575       287.4515       287.9734       288.2951       288.1275       287.5228       286.3345       285.1196       284.4578    
 1908   284.1741       284.5090       285.4400       286.6190       287.3853       288.0747       288.4026       288.2834       287.7017       286.6846       285.7613       285.0183    
 1909   284.6923       284.8540       285.5715       286.6990       287.5227       287.9765       288.2802       288.0761       287.3661       286.1351       285.1690       284.4956    
 1910   284.0804       284.3883       285.3585       286.3519       287.2393       288.0007       288.2936       288.2454       287.6004       286.5505       285.6815       284.8645    
 1911   284.5969       284.6805       285.4654       286.6754       287.4161       287.8979       288.0883       288.0457       287.4215       286.2240       285.1799       284.2803    
 1912   283.9057       284.2232       285.1447       286.2998       287.2253       287.8364       288.2874       288.2743       287.5933       286.6168       285.6447       284.7989    
 1913   284.4583       284.6655       285.2307       286.3823       287.4447       287.9476       288.1877       288.0006       287.3586       286.4124       285.3064       284.4939    
 1914   284.2066       284.5541       285.2303       286.2683       287.3694       287.9327       288.2947       288.2108       287.4560       286.4991       285.4204       284.4980    
 1915   284.2632       284.5909       285.5334       286.5852       287.5104       288.1977       288.4068       288.2451       287.5575       286.5762       285.3717       284.3665    
 1916   284.2237       284.6465       285.5252       286.5240       287.5340       288.1379       288.4252       288.3192       287.7338       286.8164       285.6356       284.8075    
 1917   284.5381       284.9930       285.9389       286.7813       287.6332       288.1596       288.3910       288.2038       287.5518       286.4698       285.4138       284.7000    
 1918   284.4144       284.7813       285.4046       286.5645       287.4149       288.1159       288.4460       288.4006       287.6787       286.5880       285.5981       284.5854    
 1919   284.3874       284.9392       285.9717       286.7909       287.6696       288.0959       288.3756       288.2696       287.5791       286.5931       285.4316       284.6611    
 1920   284.2432       284.6945       285.5341       286.5615       287.5147       288.0786       288.3959       288.3379       287.7545       286.7477       285.5892       284.8529    
 1921   284.5703       284.7804       285.6964       286.8903       287.8402       288.3370       288.6700       288.5212       287.8618       286.7752       285.8300       284.7637    
 1922   284.4287       284.7699       285.5029       286.6861       287.6049       288.2904       288.6063       288.5289       287.9210       286.9386       286.1528       285.3141    
 1923   284.8059       285.0060       285.7401       286.7440       287.6668       288.2000       288.4225       288.2411       287.5488       286.4617       285.3879       284.3277    
 1924   284.1321       284.4529       285.1782       286.2833       287.3355       287.8536       288.1761       288.1524       287.4077       286.4080       285.2264       284.5117    
 1925   284.2050       284.6099       285.3003       286.3324       287.5177       288.0304       288.3829       288.1099       287.5252       286.6182       285.5440       284.8330    
 1926   284.3953       284.8376       285.5953       286.6678       287.5408       288.1700       288.3700       288.3071       287.6310       286.5964       285.4371       284.6367    
 1927   284.4483       285.0316       285.7023       286.6678       287.6537       288.4200       288.7319       288.5877       287.9573       287.0140       285.8419       285.0329    
 1928   284.6957       284.9587       285.5452       286.6295       287.6157       288.2198       288.3550       288.1095       287.5702       286.4459       285.3426       284.6455    
 1929   283.8821       284.1375       285.3860       286.4273       287.3636       288.1913       288.4996       288.2457       287.7273       286.5959       285.5304       284.8667    
 1930   284.2531       284.8905       285.8487       286.7014       287.6078       288.1852       288.3840       288.2711       287.6594       286.5234       285.5266       284.6547    
 1931   284.2755       284.7940       285.5002       286.6172       287.6107       288.1420       288.3236       288.1640       287.6442       286.5947       285.4410       284.9260    
 1932   284.6447       284.7707       285.5654       286.7527       287.6035       288.1748       288.4480       288.2755       287.7031       286.7204       285.6940       284.8799    
 1933   284.7124       284.7996       285.5608       286.6987       287.5820       288.2667       288.5072       288.3636       287.7172       286.6866       285.4150       284.6089    
 1934   284.3092       284.5856       285.4769       286.4366       287.5411       288.0568       288.3502       288.1696       287.5272       286.4705       285.3929       284.6165    
 1935   284.2127       284.4259       285.3106       286.3846       287.4406       288.0616       288.4019       288.3228       287.6780       286.6114       285.5123       284.8073    
 1936   284.4860       284.8488       285.6365       286.8034       287.5872       288.1845       288.5100       288.3884       287.7627       286.7420       285.4447       284.9007    
 1937   284.6487       284.7627       285.5468       286.9330       287.7360       288.2285       288.4814       288.2984       287.7367       286.8255       285.7213       284.8149    
 1938   284.6718       284.7956       285.7835       287.0052       287.8354       288.3555       288.5750       288.4048       287.7896       286.8058       285.6091       284.9308    
 1939   284.4676       285.0710       285.8905       286.8555       287.6716       288.2379       288.5100       288.2796       287.7538       286.8752       285.6768       284.8936    
 1940   284.5435       284.8409       285.7344       286.8022       287.6833       288.1983       288.5807       288.5306       287.9404       287.0276       286.0833       285.3428    
 1941   284.8117       285.2237       285.9172       286.9395       287.8244       288.4767       288.6944       288.6076       287.8911       286.9210       285.8376       285.1887    
 1942   284.8926       285.3083       285.8238       286.9200       287.9096       288.5700       288.7003       288.5132       287.8202       286.8286       285.6173       284.9720    
 1943   284.5859       284.7027       285.6655       286.8512       287.8098       288.2220       288.6813       288.5643       287.9554       287.0164       286.1282       285.4062    
 1944   285.0221       285.0224       286.1295       287.0417       287.8585       288.4072       288.6409       288.5670       287.8465       286.7921       285.8060       284.7628    
 1945   284.4368       284.9826       285.6710       286.6974       287.7788       288.3377       288.6257       288.4689       287.9485       287.1021       286.0384       285.1682    
 1946   284.8673       285.1587       285.8563       286.9893       287.9033       288.4380       288.7019       288.5945       287.9201       287.0143       285.9578       285.0935    
 1947   285.1104       285.1861       285.9180       286.9090       287.8149       288.4138       288.6201       288.6245       288.0394       287.1147       285.9824       285.1062    
 1948   284.9319       285.1765       285.9098       286.9902       287.8848       288.3462       288.6070       288.4932       287.9228       286.8832       285.9022       284.8896    
 1949   284.7769       285.0475       285.9285       286.9107       287.8846       288.4401       288.7222       288.4762       287.9176       286.8887       285.8835       285.1809    
 1950   284.7978       285.2823       285.8548       287.0028       287.8403       288.3636       288.6068       288.4550       287.9048       286.7971       285.7940       284.7774    
 1951   284.3645       284.6725       285.4578       286.7711       287.7306       288.3070       288.6653       288.4805       288.0177       287.1113       286.0177       285.3262    
 1952   284.9013       285.3886       285.6570       286.6965       287.7585       288.3713       288.5880       288.4003       287.7944       286.7999       285.6391       284.9148    
 1953   284.7054       284.8102       285.6923       286.9538       287.8364       288.4211       288.6969       288.5330       288.0478       287.0714       286.1412       285.3312    
 1954   284.8387       284.8606       285.7570       286.8812       287.7433       288.2821       288.5256       288.2818       287.6827       286.6420       285.5146       284.7613    
 1955   284.5381       284.7981       285.7834       286.6991       287.6723       288.3097       288.6302       288.5187       288.0082       286.9781       285.9556       285.0574    
 1956   284.5815       284.9044       285.7534       286.9933       287.7917       288.3189       288.5538       288.4185       287.8348       286.7254       285.5686       284.7490    
 1957   284.4729       284.8041       285.6523       286.8230       287.8394       288.3546       288.6888       288.6161       287.9813       286.8405       285.8507       284.9068    
 1958   284.7836       285.1673       285.7657       286.7866       287.8742       288.4350       288.8213       288.6327       287.9880       287.1046       285.9572       285.1314    
 1959   285.0545       285.1022       285.8943       286.9586       287.8634       288.5283       288.8333       288.6601       287.9303       286.8887       285.6605       284.9716    
 1960   284.5755       285.1505       285.9841       287.0714       287.9050       288.6368       288.8887       288.8931       288.2490       287.3087       286.2615       285.4818    
 1961   284.9872       285.4891       286.0592       287.1625       288.0799       288.5963       288.7118       288.5543       287.9658       286.9329       285.9118       285.0286    
 1962   284.5331       284.9607       285.7375       286.8335       287.9466       288.5055       288.8288       288.6978       288.1438       287.1947       286.0872       285.4274    
 1963   285.1026       285.2931       286.0257       287.0924       287.9670       288.4364       288.6951       288.4679       287.7474       286.7439       285.6980       284.7330    
 1964   284.3593       284.7643       285.7021       286.7990       287.6473       288.2696       288.5708       288.3907       287.8875       287.0940       285.9503       285.2368    
 1965   284.9188       285.1582       285.7394       286.8150       287.7715       288.2462       288.4298       288.1626       287.4816       286.4200       285.4137       284.8742    
 1966   284.4564       284.8558       285.7257       286.8497       287.6694       288.2728       288.4426       288.3309       287.7895       286.8769       285.8211       284.9550    
 1967   284.8141       285.3163       285.8253       286.8730       287.8412       288.3349       288.5667       288.3933       287.7076       286.8225       285.6917       284.8305    
 1968   284.5800       284.8689       285.7867       286.8155       287.8914       288.4677       288.8301       288.6102       288.0533       287.1665       286.0073       285.0874    
 1969   284.8377       284.9725       285.8459       286.9959       287.9270       288.4654       288.7907       288.7525       288.0989       287.1743       285.9666       285.3272    
 1970   284.6440       284.8918       285.7544       286.9101       287.7838       288.3148       288.6046       288.5131       287.8426       286.8000       285.7203       284.8987    
 1971   284.7511       284.9838       285.7282       286.9258       287.9339       288.4312       288.6921       288.5476       288.0051       286.9250       285.8754       285.2169    
 1972   284.9380       285.2078       286.0139       286.9844       287.7953       288.3942       288.6540       288.6338       288.0520       287.0402       285.8835       284.9357    
 1973   284.7464       285.0252       285.8032       286.8332       287.8097       288.4528       288.7785       288.7076       288.2302       287.1268       286.1422       285.2937    
 1974   285.1059       285.3420       285.8431       287.0520       287.9374       288.4480       288.6746       288.5261       287.8395       286.7810       285.7602       284.7010    
 1975   284.5945       284.8137       285.6385       286.7447       287.6488       288.2649       288.5117       288.4406       287.7762       286.7858       285.6772       285.0393    
 1976   284.4994       284.8198       285.7980       286.8389       287.8432       288.4090       288.5878       288.4711       287.7425       286.5981       285.4936       284.7933    
 1977   284.4129       284.5172       285.3228       286.4540       287.4496       288.0609       288.5341       288.4615       287.8131       286.6690       285.8412       284.9414    
 1978   284.6968       284.8778       285.5072       286.7177       287.7885       288.3925       288.6716       288.3842       287.7416       286.7634       285.7523       284.8722    
 1979   284.7540       284.9367       286.0057       286.8722       287.8209       288.3859       288.5141       288.3988       287.7393       286.6911       285.6625       284.6866    
 1980   284.5278       284.9905       285.9277       286.9176       287.8495       288.3680       288.6186       288.5735       287.8054       286.9364       285.9014       285.1350    
 1981   284.8893       284.9625       285.7650       286.8129       287.7847       288.5001       288.8071       288.7180       288.0450       287.0261       286.0498       285.0546    
 1982   284.7192       285.0410       285.8234       286.9210       287.8391       288.4077       288.6056       288.4424       287.7391       286.6025       285.6611       284.7772    
 1983   284.3172       284.4717       285.2673       286.3436       287.1890       287.8503       288.2047       288.1278       287.4965       286.5205       285.3773       284.5182    
 1984   284.4170       284.5798       285.2554       286.4558       287.4961       288.2190       288.5830       288.3992       287.7593       286.6797       285.7260       284.8003    
 1985   284.4065       284.7430       285.3971       286.8554       287.6950       288.3125       288.5128       288.4106       287.7525       286.7674       285.7380       284.8995    
 1986   284.7138       284.8321       285.6342       286.7806       287.7410       288.3597       288.7532       288.5219       287.9456       287.1162       285.9289       285.1694    
 1987   284.7718       285.1691       286.0227       286.8859       287.8340       288.3914       288.4817       288.4006       287.8885       286.7232       285.7540       285.0748    
 1988   284.5741       284.9237       285.9239       286.9296       288.0036       288.5805       288.8739       288.7777       288.1950       287.1725       286.0317       285.5154    
 1989   285.0403       285.3029       285.9766       287.0639       287.9366       288.6100       288.8407       288.6927       288.1363       287.2255       285.9906       285.1067    
 1990   284.6169       284.8870       285.7952       286.9997       288.0457       288.5753       288.9656       288.8898       288.2738       287.1640       286.1506       285.3057    
 1991   284.9312       285.1255       285.8619       286.9953       287.9195       288.5546       288.7869       288.6056       288.1524       286.9772       285.8941       285.0999    
 1992   284.7397       285.1233       285.5966       286.9056       287.8580       288.4902       288.7457       288.6625       288.0433       286.9650       285.8410       285.1585    
 1993   284.7735       285.1756       285.7886       286.7308       287.6487       288.2634       288.6585       288.4403       287.8443       286.8500       285.6352       284.7671    
 1994   284.3578       284.8597       285.6807       286.9294       287.8346       288.5013       288.8282       288.7806       288.2703       287.3037       286.1592       285.3626    
 1995   285.1870       285.5621       285.8680       287.1926       288.1573       288.6658       288.9165       288.8056       288.0851       287.0174       285.9043       285.0053    
 1996   284.5109       285.0132       285.7217       286.9932       288.0091       288.7277       288.9881       288.8699       288.2963       287.4445       286.2078       285.5384    
 1997   285.3517       285.2299       286.1888       287.2362       288.1900       288.7828       289.1008       289.0204       288.3491       287.2987       285.9737       285.0412    
 1998   284.8723       285.2482       286.0779       287.0268       288.0738       288.7751       289.0771       288.9406       288.4691       287.4909       286.4340       285.5923    
 1999   285.2677       285.4667       286.2662       287.6248       288.4948       288.9404       289.2405       288.8860       288.2725       287.4346       286.4066       285.4119    
 2000   284.8840       285.2348       286.1697       287.3789       288.2123       288.7963       289.0147       288.8694       288.2387       287.2958       286.2523       285.6122    
 2001   285.2176       285.5750       286.2955       287.3969       288.3738       289.0872       289.3687       289.0938       288.5106       287.5529       286.3529       285.6615    
 2002   285.2069       285.4783       286.3750       287.3111       288.1286       288.7275       289.0586       288.9614       288.4272       287.4919       286.5245       285.9192    
 2003   285.5930       285.8539       286.3932       287.4880       288.3554       288.8174       289.1002       288.9728       288.4352       287.2830       286.1812       285.2628    
 2004   284.5831       285.0423       285.8719       286.8670       287.9861       288.7209       289.0222       288.9767       288.2751       287.3018       286.2589       285.6110    
 2005   285.1291       285.4734       286.1746       287.3561       288.3426       288.9274       289.2090       289.0475       288.4358       287.3563       286.3921       285.2897    
 2006   285.1367       285.2693       286.0796       287.1830       288.0344       288.6615       289.0280       288.9235       288.4272       287.4892       286.6750       285.8352    
 2007   285.5757       285.6313       286.5045       287.6958       288.5258       289.1429       289.3190       289.0910       288.4073       287.4489       286.4426       285.5848    
 2008   285.2507       285.4295       286.2923       287.3666       288.3608       288.9043       289.2624       289.1442       288.5247       287.7260       286.6315       285.6136    
 2009   285.2892       285.6659       286.5763       287.3081       288.2732       288.9311       289.2508       289.0639       288.3138       287.2577       286.3501       285.6435    
 2010   285.2206       285.4137       286.2409       287.2720       288.2908       288.9354       289.2708       289.2365       288.5835       287.4475       286.4284       285.6870    
 2011   285.2717       285.4937       286.3521       287.3643       288.3723       289.1283       289.5421       289.4675       288.8141       287.7672       286.6597       285.8907    
 2012   285.6690       285.9432       286.6901       287.6078       288.4163       288.9691       289.3439       289.1699       288.5789       287.5547       286.5299       285.8967    
 2013   285.4955       285.7552       286.6060       287.6190       288.4019       288.9326       289.2665       289.1028       288.3435       287.5185       286.4659       285.6043    
 2014   285.5093       285.7351       286.4892       287.4718       288.3915       288.9677       289.2027       289.0294       288.3833       287.5380       286.5261       285.7756    
 2015   285.4773       285.8589       286.7079       287.5281       288.5256       289.1469       289.4243       289.2882       288.6852       287.4624       286.5526       285.7655    
 2016   285.2766       285.6144       286.5955       287.6240       288.5956       289.1148       289.3242       289.2323       288.6427       287.7881       286.6046       286.0059    
 2017   285.4987       285.7061       286.4633       287.4239       288.4175       288.9642       289.3335       289.2316       288.6858       287.8154       286.7708       286.0179    
 2018   285.6886       286.0992       286.6674       287.7960       288.6440       289.1490       289.3096       289.2184       288.5745       287.6039       286.5980       285.7737    
 2019   285.5157       285.5934       286.3067       287.5483       288.4548       288.9998       289.3644       289.2936       288.8556       287.8852       286.8597       286.1399    
 2020   285.8047       285.9907       286.7255       287.8854       288.6402       289.2398       289.4324       289.3331       288.7737       287.8760       286.6180       285.8224    
 2021   285.7511       285.8215       286.5498       287.5495       288.4267       289.2008       289.4922       289.4286       288.8019       287.9655       286.9618       286.1189    
 2022   285.8114       286.0092       286.8669       287.8226       288.6884       289.2568       289.5898       289.3939       288.7430       287.7771       286.7040       285.6441    
 2023   285.2855       285.5697       286.4788       287.6915       288.5855       289.1815       289.5096       289.3120       288.7763       287.9168       286.7924       286.0540    
 2024   285.5590       286.0918       287.0138       287.8074       288.5486       289.1867       289.5357       289.4266       288.9129       287.9482       286.8926       285.9903    
 2025   285.8245       286.0963       286.7460       287.7267       288.6364       289.2466       289.5527       289.4828       288.9676       288.1087       287.0240       286.1227    
 2026   285.6671       286.0072       286.5960       287.6579       288.7164       289.2981       289.5475       289.4058       288.8093       287.8482       286.8085       285.7183    
 2027   285.4776       285.8666       286.6676       287.6844       288.6402       289.1900       289.4677       289.3476       288.7228       288.0169       286.6752       285.8824    
 2028   285.5559       285.7801       286.8232       287.8087       288.5594       289.2248       289.5618       289.5273       288.9478       288.1670       286.9080       285.9318    
 2029   285.8938       286.1618       286.6169       287.7964       288.7181       289.2964       289.6222       289.6205       289.0686       288.1510       287.0593       286.2385    
 2030   285.7467       285.9348       286.8569       287.7053       288.8446       289.3389       289.6442       289.4916       288.9552       287.9853       286.9137       286.0559    
 2031   285.7891       285.9064       286.6560       287.7216       288.6963       289.4600       289.6639       289.5560       288.9119       288.1505       287.1748       286.1460    
 2032   285.6280       286.2312       287.0288       287.7732       288.7269       289.1970       289.5025       289.3853       288.8728       288.1441       287.0226       286.0963    
 2033   285.7047       285.9867       286.7129       287.8221       288.6449       289.2202       289.6096       289.5584       288.9544       288.0163       286.9740       286.3164    
 2034   285.9316       286.0837       286.8322       288.0552       288.7743       289.3649       289.7029       289.6982       289.0047       288.0500       287.1582       286.2852    
 2035   286.0921       286.2459       287.0401       288.1123       288.8531       289.4540       289.7253       289.5985       289.0555       288.1821       287.1697       286.2348    
 2036   285.8719       286.2107       287.0336       287.9775       288.8185       289.4868       289.7954       289.6798       289.0709       288.1136       287.1432       286.1230    
 2037   285.9116       285.9320       286.8754       287.8690       288.7337       289.3433       289.6603       289.5446       288.9309       288.0548       286.9880       286.2374    
 2038   285.8797       286.2340       286.7935       287.8872       288.8214       289.3733       289.6716       289.5988       289.1789       288.2507       287.1813       286.3888    
 2039   285.9575       286.1846       287.0639       288.0414       289.0348       289.5993       289.9637       289.8676       289.4525       288.5464       287.5925       286.7607    
 2040   286.1762       286.5110       287.0427       288.3402       289.1889       289.6540       290.0532       290.0210       289.4074       288.4849       287.3636       286.5010    
 2041   286.1416       286.2323       287.2028       288.1175       288.9847       289.5667       289.8632       289.8817       289.3007       288.6335       287.7727       287.0145    
 2042   286.5175       286.7658       287.3546       288.1645       289.0175       289.4942       289.7854       289.6258       289.0860       288.2955       287.1793       286.1796    
 2043   285.9955       286.0375       286.9653       287.8729       288.8694       289.5222       289.8378       289.7732       289.3556       288.4997       287.5159       286.7382    
 2044   286.3477       286.6866       287.2561       288.3284       289.1897       289.7202       290.0911       290.0493       289.4727       288.4951       287.4145       286.5077    
 2045   286.0672       286.4613       287.0183       288.1640       288.9948       289.7005       289.9328       289.8497       289.2378       288.3949       287.3552       286.4063    
 2046   285.8752       286.3033       287.1355       288.2277       289.0856       289.6659       290.0518       290.0030       289.4252       288.5519       287.5292       286.5925    
 2047   286.1518       286.4714       287.1204       288.2446       289.0594       289.7295       290.0893       289.9323       289.4020       288.5503       287.4441       286.4265    
 2048   286.2300       286.5752       287.0424       288.2850       289.1241       289.8333       290.1066       289.8997       289.2883       288.3882       287.3452       286.4945    
 2049   286.1029       286.6024       287.2736       288.3017       289.1982       289.8873       290.1388       290.1047       289.4600       288.6426       287.5163       286.6889    
 2050   286.6322       286.7618       287.5016       288.3862       289.3482       290.0291       290.4038       290.3203       289.7975       288.8909       287.7940       286.9370    
 2051   286.3860       286.6269       287.4027       288.4992       289.3883       289.8616       290.2472       290.2679       289.6994       288.7511       287.9561       287.2302    
 2052   286.6220       286.8339       287.5846       288.4247       289.3578       289.9533       290.1995       290.1194       289.5523       288.8280       287.7557       286.8089    
 2053   286.3795       286.8288       287.7457       288.6371       289.5330       290.1069       290.4446       290.3763       289.8111       288.9286       287.9960       287.2395    
 2054   286.7353       286.8227       287.4809       288.3235       289.2241       289.8289       290.1692       290.1715       289.6342       288.7547       287.7557       287.0572    
 2055   286.7674       286.7126       287.4700       288.6073       289.5932       290.2454       290.6629       290.4871       289.8573       289.0737       287.9189       287.0870    
 2056   286.5685       286.9059       287.9049       288.6499       289.6941       290.4109       290.7055       290.5393       289.9417       289.0197       287.9164       286.8729    
 2057   286.7437       286.9133       287.4154       288.5932       289.5113       290.1781       290.6060       290.6378       290.0853       289.2914       288.2321       287.2077    
 2058   287.1268       287.2574       287.8783       288.8718       289.7311       290.3999       290.6044       290.5406       289.9147       289.0806       287.9991       286.9671    
 2059   286.6020       286.8723       287.4140       288.7002       289.6440       290.3059       290.5385       290.4506       290.0033       289.0675       288.0770       287.2895    
 2060   286.7947       287.0780       287.9355       288.8772       289.5805       290.2245       290.5549       290.3938       289.8918       289.0344       287.9602       286.9523    
 2061   286.6448       286.8488       287.3476       288.4716       289.3340       290.0447       290.4768       290.4414       289.9532       289.2174       288.2689       287.4712    
 2062   287.1631       287.2627       287.8608       288.9243       289.7260       290.2274       290.5630       290.5799       290.0363       289.0626       288.0471       287.1589    
 2063   286.7680       287.0470       287.7461       288.7938       289.6862       290.4232       290.6876       290.5737       290.0403       289.2479       288.2215       287.1052    
 2064   286.6516       286.9788       287.9076       288.8324       289.7460       290.5434       290.9737       290.8534       290.3246       289.4407       288.1540       287.3747    
 2065   287.1768       287.2336       287.7734       288.8657       289.8892       290.5801       290.8999       290.7870       290.2738       289.4012       288.3752       287.2889    
 2066   287.1753       287.3064       287.8984       289.0177       289.9347       290.4638       290.8414       290.7989       290.2272       289.3644       288.2360       287.3920    
 2067   286.9681       287.3844       287.9417       289.0103       289.8240       290.4893       290.8531       290.8071       290.2221       289.3551       288.5197       287.6142    
 2068   287.2497       287.3665       288.1616       289.0125       289.8022       290.3396       290.7461       290.7122       290.1815       289.2776       288.3423       287.4135    
 2069   287.1525       287.3286       288.1456       289.0297       289.9124       290.6320       290.8947       290.8423       290.3476       289.4755       288.5803       287.8733    
 2070   287.4386       287.7241       288.2780       289.0990       290.0079       290.6170       290.9155       290.8148       290.3246       289.5725       288.5009       287.5780    
 2071   287.0477       287.5316       288.0829       289.1282       289.9504       290.5096       290.8383       290.7666       290.2377       289.3117       288.3574       287.5329    
 2072   287.0644       287.3245       288.0355       289.0874       289.9688       290.5376       290.8788       290.7183       290.2585       289.3736       288.5130       287.5518    
 2073   287.2674       287.4678       288.3669       289.1178       290.1142       290.7008       291.0182       290.9108       290.3495       289.4319       288.3907       287.5088    
 2074   287.4342       287.1878       288.1606       289.1603       290.0182       290.7454       291.2402       290.9895       290.5508       289.5448       288.6865       287.7683    
 2075   287.5287       287.7265       288.3215       289.2356       290.0930       290.6940       291.0202       291.0320       290.4804       289.5733       288.4666       287.5846    
 2076   287.0695       287.4384       288.0781       289.1563       289.9234       290.6971       291.1141       291.0152       290.5621       289.7432       288.6028       287.6425    
 2077   287.5067       287.6780       288.1912       289.3102       290.1816       290.8102       291.0978       290.9263       290.4424       289.6367       288.7136       287.8143    
 2078   287.4931       287.9483       288.5316       289.4569       290.4182       291.0102       291.2516       291.2453       290.6454       289.8105       288.7424       287.7609    
 2079   287.3109       287.6682       288.3528       289.3037       290.2648       290.7793       291.1711       291.0591       290.5464       289.7686       288.7931       288.0741    
 2080   287.5657       287.8490       288.5828       289.4906       290.3450       290.9138       291.3521       291.1563       290.5731       289.7254       288.7737       288.0255    
 2081   287.3331       287.7912       288.5074       289.3258       290.3151       290.9420       291.3103       291.2664       290.7820       289.9429       288.9109       287.9773    
 2082   287.6489       287.8065       288.5301       289.4579       290.2744       290.7399       291.3458       291.2878       290.7060       289.9305       288.9041       287.9331    
 2083   287.7870       287.7604       288.4200       289.4423       290.3638       290.9398       291.2060       291.1630       290.6963       289.9063       288.9384       288.0561    
 2084   287.5064       287.8961       288.5671       289.5740       290.3754       291.0665       291.3896       291.2746       290.7885       289.9497       289.0090       288.0835    
 2085   287.8549       288.2310       288.7763       289.6265       290.4264       291.1500       291.4315       291.2362       290.6937       289.8343       289.0742       288.0336    
 2086   287.8730       287.9609       288.7464       289.5575       290.4133       290.9186       291.2848       291.1263       290.5455       289.8175       289.0159       288.0141    
 2087   287.4633       287.8969       288.6946       289.5006       290.4455       291.0659       291.5057       291.4522       291.0569       290.2078       289.0808       288.4263    
 2088   287.9908       288.2248       288.8265       289.6617       290.4511       291.1053       291.3647       291.1810       290.5136       289.5463       288.5154       287.6901    
 2089   287.3693       287.6988       288.5128       289.2481       290.2232       290.9890       291.2991       291.2938       290.7769       289.9055       289.0797       288.0704    
 2090   288.0354       287.8817       288.6124       289.5392       290.3791       290.9724       291.3370       291.3445       290.7967       289.9404       288.8475       288.0288    
 2091   287.6171       287.5736       288.6119       289.5400       290.3320       291.0046       291.2991       291.2850       290.8167       290.1307       289.1879       288.3125    
 2092   287.8119       287.9924       288.7485       289.4478       290.3765       291.0549       291.3394       291.2562       290.7767       290.0654       288.9921       288.1360    
 2093   287.4487       287.9373       288.5556       289.5261       290.2726       291.0042       291.3567       291.3633       290.8123       289.9320       288.7844       287.9058    
 2094   287.6280       288.0341       288.6545       289.4524       290.4095       291.0233       291.3701       291.3401       290.7124       290.1043       289.0317       288.0833    
 2095   287.7432       287.9410       288.5639       289.5199       290.4634       291.1469       291.4702       291.2599       290.7872       289.9354       288.8093       287.7829    
 2096   287.5498       287.7877       288.5843       289.5045       290.4641       291.0425       291.2345       291.1569       290.7015       289.7915       288.7737       287.9082    
 2097   287.5704       287.8160       288.5687       289.3828       290.4154       290.9297       291.4087       291.4164       290.9617       290.0666       289.1683       288.2798    
 2098   287.7247       287.9335       288.5363       289.6772       290.4233       291.0225       291.2952       291.2295       290.6453       289.9613       288.8969       287.9031    
 2099   287.5248       287.7214       288.4491       289.3409       290.3614       290.8827       291.2134       291.2383       290.6839       289.8343       288.6815       287.7512    
 2100   287.4264       287.8651       288.4514       289.4165       290.2816       290.9134       291.2141       291.1763       290.6180       289.8975       288.9568       287.8701    
 2101   287.5485       287.7951       288.5323       289.5892       290.3881       291.0729       291.3399       291.3737       290.8134       290.0605       289.0480       288.1537    
 2102   287.5261       287.8654       288.5472       289.6075       290.5781       291.1472       291.4996       291.5535       291.0143       290.1642       289.2463       288.2664    
 2103   287.8983       287.9193       288.4991       289.5370       290.5768       291.0428       291.5312       291.4370       290.8714       289.9518       288.8421       287.9091    
 2104   287.6357       287.5935       288.2884       289.5139       290.3188       290.9783       291.4075       291.3471       290.9248       289.9860       289.0856       288.3061    
 2105   287.8676       288.0851       288.7067       289.7164       290.5880       291.2078       291.6252       291.5522       291.1399       290.1806       289.2343       288.1997    
 2106   287.7955       288.0392       288.4921       289.6015       290.5242       291.2774       291.6727       291.5981       291.1183       290.2400       289.2358       288.1690    
 2107   287.9071       288.1227       288.8639       289.8665       290.7832       291.4767       291.8567       291.7419       291.2885       290.4503       289.3236       288.4638    
 2108   288.1591       288.1623       288.8675       289.8459       290.6761       291.2687       291.6474       291.5646       291.1145       290.3499       289.3100       288.1461    
 2109   287.9594       288.4503       288.9597       289.8687       290.7331       291.2847       291.6443       291.5545       291.1043       290.2319       289.3705       288.4273    
 2110   288.1732       288.5534       288.8833       289.8936       290.6151       291.2437       291.4533       291.5000       290.9308       290.1052       289.1790       288.2073    
 2111   287.6992       287.9296       288.4742       289.6353       290.4445       291.0858       291.4791       291.5001       291.0242       290.3626       289.4325       288.3395    
 2112   288.1575       288.3058       289.0607       289.8008       290.5586       291.2404       291.4592       291.3339       290.8073       289.9909       288.9449       288.0862    
 2113   287.7165       287.7841       288.7001       289.4660       290.5340       291.1572       291.4915       291.4291       290.9484       290.3159       289.3897       288.4222    
 2114   288.1833       288.4416       288.9835       289.7926       290.5484       291.1790       291.5207       291.5343       290.9476       290.1812       289.1755       288.0146    
 2115   287.6490       287.9007       288.2883       289.5533       290.6368       291.1764       291.6215       291.6046       291.0663       290.4120       289.3378       288.2440    
 2116   287.9991       288.2858       288.9071       289.9463       290.7665       291.3861       291.6729       291.5684       290.9289       290.2080       289.0749       288.1045    
 2117   287.6892       288.0696       288.8237       289.6834       290.4995       291.2595       291.6284       291.5947       291.2301       290.5302       289.5735       288.7517    
 2118   288.0231       288.0468       288.7671       289.7356       290.5201       291.0499       291.4026       291.2931       290.7651       289.9028       288.9561       287.9136    
 2119   287.4605       287.7610       288.4581       289.5428       290.3801       291.0519       291.3023       291.2931       290.7755       289.9514       289.0162       288.4326    
 2120   287.7869       288.0777       288.6832       289.7125       290.5566       291.0739       291.4632       291.3573       290.8737       290.0744       289.0313       287.9619    
 2121   287.7252       287.9660       288.7503       289.7133       290.5320       291.1479       291.4796       291.5029       291.0274       290.0674       289.1554       288.3696    
 2122   287.8928       288.0237       288.7502       289.6991       290.6664       291.2711       291.5453       291.5451       291.1035       290.3109       289.3764       288.4371    
 2123   288.3000       288.3337       288.8200       289.7503       290.5524       291.0209       291.4898       291.3472       290.8549       290.0172       288.9360       288.0653    
 2124   287.8100       288.1183       288.6292       289.6746       290.5227       291.3120       291.5978       291.5339       291.0389       290.2231       289.2493       288.4827    
 2125   288.0952       288.0410       288.8584       289.9678       290.6572       291.2407       291.5325       291.4481       290.9778       290.2158       289.1370       288.2015    
 2126   287.7829       288.2111       288.8060       289.8575       290.6038       291.4280       291.7458       291.7722       291.2912       290.4897       289.5437       288.6755    
 2127   288.2685       288.6812       289.1326       289.8734       290.7862       291.4146       291.7112       291.5656       291.1140       290.2413       289.2703       288.4463    
 2128   287.8522       288.0144       288.8402       289.8247       290.7136       291.3025       291.5730       291.5024       291.0067       290.2993       289.3459       288.4721    
 2129   288.1286       288.3928       288.9345       289.7798       290.7342       291.3102       291.6551       291.6050       291.0139       290.3302       289.2787       288.5068    
 2130   288.0157       288.2281       288.7471       289.7471       290.7447       291.3586       291.8708       291.7210       291.2184       290.2953       289.2976       288.4166    
 2131   288.0219       288.1548       289.0288       289.8393       290.7032       291.2565       291.6089       291.6079       291.0572       290.3038       289.2238       288.4610    
 2132   288.1252       288.1044       288.8430       289.9801       290.8230       291.3810       291.7921       291.7379       291.2112       290.2599       289.4359       288.3659    
 2133   287.7914       288.0176       288.7746       289.7290       290.6196       291.3280       291.6854       291.6361       291.0923       290.3046       289.3549       288.4122    
 2134   288.1133       288.3385       288.8821       289.8468       290.7162       291.2905       291.6433       291.6151       291.1124       290.2294       289.3186       288.1720    
 2135   287.7279       287.8665       288.6527       289.7084       290.5654       291.2061       291.5555       291.5018       290.9306       290.0189       289.0037       287.9900    
 2136   287.5159       287.9860       288.7441       289.7660       290.7441       291.3705       291.6464       291.5506       291.0813       290.2603       289.1618       288.1647    
 2137   287.7402       288.2128       288.7804       289.6932       290.5648       291.1133       291.4404       291.3613       290.6633       289.8170       288.7870       288.1694    
 2138   287.7366       288.0333       288.7247       289.6437       290.5229       291.2242       291.5768       291.6128       291.0930       290.4138       289.4457       288.5210    
 2139   288.0164       288.1423       288.8337       289.8516       290.6511       291.2159       291.5321       291.4601       290.9259       290.2028       289.2270       288.3788    
 2140   288.0594       288.1942       288.8388       289.8678       290.7436       291.2980       291.6768       291.5794       291.0569       290.0959       289.1980       288.2079    
 2141   287.6416       287.9325       288.5829       289.6977       290.5746       291.2107       291.5942       291.6438       291.2891       290.4550       289.6394       288.9188    
 2142   288.4077       288.5338       289.0320       289.8733       290.7341       291.3034       291.5692       291.3782       290.8827       290.0188       289.0740       288.1712    
 2143   287.9036       288.1509       288.6313       289.6115       290.4669       291.1112       291.5773       291.5722       291.0982       290.2606       289.3466       288.2846    
 2144   287.8507       288.0314       288.7684       289.8972       290.6167       291.3257       291.7204       291.6008       291.0027       290.0913       289.2065       288.3496    
 2145   287.9143       287.8433       288.7065       289.8369       290.7009       291.3311       291.6634       291.7092       291.0765       290.3481       289.4030       288.4235    
 2146   288.1492       288.2859       288.8397       289.9493       290.7441       291.3347       291.7758       291.6400       291.2339       290.4199       289.6167       288.8238    
 2147   288.4744       288.6460       289.0844       289.9961       290.7652       291.2537       291.5820       291.5207       291.0183       290.3081       289.3356       288.5235    
 2148   288.0300       288.1084       288.8165       289.9151       290.7343       291.4549       291.9007       291.9094       291.3731       290.5415       289.5464       288.5333    
 2149   288.3503       288.2603       288.8531       289.9006       290.8086       291.4482       291.7207       291.7129       291.2467       290.3372       289.3839       288.5555    
 2150   287.7998       288.1892       288.8443       289.9025       290.7578       291.4804       291.9176       291.9664       291.5071       290.7245       289.8590       288.9521    
 2151   288.5037       288.6175       289.0879       290.0318       290.8646       291.3846       291.7564       291.7347       291.1276       290.2142       289.2760       288.2310    
 2152   287.9180       288.0892       288.9479       289.8956       290.7498       291.3920       291.9080       291.8363       291.2751       290.5110       289.5375       288.6244    
 2153   288.2277       288.2602       288.9562       290.0311       290.7294       291.2671       291.5907       291.5699       291.0989       290.2691       289.3189       288.2636    
 2154   287.9052       288.0627       288.7791       289.7670       290.6236       291.2132       291.5891       291.5916       291.1815       290.3524       289.5168       288.7271    
 2155   288.4172       288.4107       289.0656       290.0404       290.8811       291.3213       291.6820       291.5298       290.8374       289.9669       289.1637       288.2540    
 2156   287.9611       287.9695       288.7607       289.5620       290.4985       291.1873       291.5853       291.5669       291.0105       290.1866       289.2434       288.2659    
 2157   287.7240       288.0306       288.7921       289.6254       290.5464       291.1497       291.5403       291.4529       290.8784       290.0855       289.1489       288.3500    
 2158   288.0031       288.2438       288.8489       289.7293       290.5365       291.2862       291.6010       291.5852       290.9920       290.1177       289.1491       288.4614    
 2159   287.6904       288.0466       288.7983       289.7701       290.6356       291.3044       291.5952       291.4909       291.0293       290.3476       289.4203       288.5309    
 2160   288.1290       288.4176       288.8851       289.8349       290.6709       291.2616       291.5937       291.6338       291.0621       290.2367       289.3319       288.2954    
 2161   287.9117       288.1707       288.8339       289.6388       290.5605       291.1956       291.6200       291.6709       291.0991       290.3018       289.3446       288.4459    
 2162   288.0818       288.3387       288.7669       289.7342       290.5377       291.2199       291.6354       291.4843       290.9434       290.0284       289.0764       287.9912    
 2163   287.6648       287.7536       288.7083       289.5459       290.4332       291.1962       291.6316       291.6727       291.1628       290.2583       289.2791       288.4526    
 2164   288.1050       288.3324       288.9644       289.8693       290.6985       291.2677       291.5826       291.5250       290.9747       290.1460       289.2885       288.2256    
 2165   287.7392       288.1670       288.8062       289.6811       290.6451       291.2883       291.7871       291.7622       291.2778       290.4368       289.5692       288.6831    
 2166   288.2637       288.4960       288.9785       290.0315       290.8002       291.3928       291.7899       291.5637       291.0767       290.2087       289.2260       288.2892    
 2167   287.9041       287.8771       288.7363       289.7391       290.5896       291.2905       291.6573       291.7880       291.1635       290.2874       289.4337       288.4857    
 2168   288.1422       288.4836       288.8931       289.8935       290.7328       291.2633       291.4913       291.4296       290.9687       290.2165       289.2769       288.2789    
 2169   287.8634       288.2063       288.9419       289.8919       290.7670       291.3357       291.6497       291.6774       291.1764       290.4846       289.5953       288.7980    
 2170   288.3121       288.3042       289.2397       290.1363       290.8675       291.5423       291.7434       291.7100       291.2007       290.4066       289.4366       288.4602    
 2171   288.0112       288.4237       288.8645       289.9092       290.8259       291.4799       291.8887       291.8274       291.3187       290.5137       289.4198       288.4670    
 2172   288.2295       288.1434       288.9655       290.1421       290.8965       291.5258       291.8597       291.8065       291.1475       290.3880       289.3641       288.3120    
 2173   288.0930       288.4240       289.0714       289.9209       290.7364       291.4296       291.7063       291.6840       291.1646       290.2238       289.1440       288.1025    
 2174   287.9041       288.1852       288.8832       289.8736       290.6166       291.2500       291.5481       291.4951       291.1215       290.2715       289.1955       288.3892    
 2175   287.9355       288.2918       289.0213       289.8466       290.7340       291.3667       291.7036       291.6547       291.2421       290.5771       289.6639       288.6898    
 2176   288.3082       288.5531       289.2081       290.2022       291.0388       291.6263       291.8930       291.6793       291.3087       290.4778       289.4420       288.4153    
 2177   287.9755       288.2596       289.0998       290.1143       290.9171       291.4782       291.8492       291.8026       291.3379       290.4478       289.6465       288.6353    
 2178   288.0821       288.3472       288.9552       290.1600       290.9837       291.6044       291.9306       291.9258       291.3477       290.4904       289.5491       288.8307    
 2179   288.2569       288.1833       289.2774       290.0537       290.8719       291.4211       291.7645       291.7601       291.1946       290.3430       289.3425       288.4276    
 2180   287.7491       288.0201       288.7724       289.9544       290.8702       291.3670       291.7547       291.7789       291.2188       290.3739       289.5699       288.4320    
 2181   287.8958       288.2581       288.7913       290.0352       290.8253       291.4344       291.8053       291.7701       291.4348       290.7313       289.7996       289.0039    
 2182   288.5882       288.8447       289.3729       290.3170       291.0066       291.6253       291.8829       291.7142       291.2330       290.4644       289.5180       288.5853    
 2183   288.2908       288.5699       289.1144       289.9180       290.8156       291.3950       291.8507       291.8564       291.3301       290.5299       289.5658       288.7088    
 2184   288.2267       288.4635       289.0576       289.9799       290.6699       291.3188       291.7196       291.6330       291.1074       290.3863       289.5791       288.6846    
 2185   288.3053       288.3652       289.0228       290.2583       290.9235       291.4806       291.8395       291.8618       291.3192       290.5556       289.5836       288.7570    
 2186   288.3712       288.5356       289.1010       290.1619       290.9857       291.5793       291.9946       291.9877       291.3903       290.6419       289.8135       288.6765    
 2187   288.1621       288.3414       289.1197       290.0091       290.9141       291.4509       291.7890       291.7691       291.3085       290.4211       289.4430       288.5144    
 2188   288.1058       288.1870       288.8755       289.9361       290.7024       291.4873       291.7960       291.7835       291.3899       290.5439       289.4304       288.5760    
 2189   288.0981       288.3885       288.8041       290.0172       290.9008       291.5749       292.0144       292.0263       291.4658       290.6746       289.5829       288.4874    
 2190   288.2482       288.3236       289.0583       290.2722       291.1125       291.6674       292.0063       291.9000       291.3560       290.5004       289.5828       288.5483    
 2191   288.3850       288.8400       289.3877       290.1635       291.0180       291.7826       292.1104       291.9669       291.4162       290.6136       289.6580       288.8056    
 2192   288.2224       288.7387       289.2783       290.0660       290.9968       291.6047       291.9146       291.9585       291.4294       290.6458       289.6870       289.0163    
 2193   288.7194       288.7740       289.0184       290.1181       291.0273       291.6977       292.0114       291.9312       291.4065       290.5380       289.6360       288.7002    
 2194   288.2333       288.2018       289.1983       290.2460       291.0221       291.7020       292.0291       291.8787       291.3075       290.5705       289.7528       288.7968    
 2195   288.4664       288.6500       289.1304       290.0115       290.9151       291.5401       291.8216       291.9192       291.3255       290.4283       289.5170       288.6487    
 2196   288.1709       288.5003       289.1085       290.1139       290.9715       291.6082       291.8593       291.8492       291.3475       290.5246       289.6273       288.7561    
 2197   288.6271       288.7067       289.2603       290.1562       290.9007       291.5774       291.8966       291.7894       291.2956       290.5470       289.7451       288.7657    
 2198   288.4371       288.4631       289.2254       290.1276       291.0303       291.6274       292.0322       291.9472       291.4604       290.6199       289.5388       288.5291    
 2199   288.3331       288.3987       288.9229       289.9583       290.9070       291.5060       291.7768       291.7542       291.3450       290.5432       289.7049       288.7269    
 2200   288.3227       288.8237       289.1639       290.1102       291.1165       291.5919       291.9671       291.9329       291.2586       290.5552       289.7073       288.8578    
