# using minimal fraction of valid points 30.00
# tas [K] from CCCma  model output prepared for IPCC Fourth Assessment climate of the 20th Century experiment (20C3M) r2i0p0
# cutting out region lon=   -1.875  358.125, lat=  -88.999   88.999
 1850   283.9412       284.0876       285.2881       286.1494       287.0606       287.4420       287.4818       287.1362       286.5630       285.8935       284.9986       284.3326    
 1851   283.9748       284.0455       284.9381       286.1117       286.9726       287.4270       287.5367       287.0778       286.5600       285.6597       284.9264       284.1372    
 1852   283.8354       283.9867       284.7482       285.8930       286.7907       287.3955       287.6105       287.2395       286.4614       285.7926       285.0830       284.0909    
 1853   283.3720       283.9149       284.7571       285.6906       286.8204       287.5476       287.6509       287.1401       286.5335       285.6918       284.8864       284.3429    
 1854   283.6858       283.9040       284.6252       285.6917       286.7057       287.5121       287.4125       287.0849       286.1592       285.6243       284.9684       284.0987    
 1855   283.5700       283.9408       284.9857       285.8855       286.8044       287.3817       287.4709       287.1929       286.4654       285.8162       284.8723       283.9901    
 1856   283.5899       283.7683       284.5257       285.8026       286.7047       287.2815       287.4457       287.0411       286.5237       285.7176       284.8997       284.1800    
 1857   283.6184       283.7862       284.7431       285.8421       286.8730       287.4309       287.5800       287.2545       286.4295       285.7615       284.9411       284.2098    
 1858   283.7270       284.0097       284.7002       285.8341       286.8118       287.4323       287.6096       287.3902       286.4633       285.7020       284.9773       284.1017    
 1859   283.5440       283.9094       284.7144       285.8282       286.8857       287.5921       287.7235       287.2041       286.6060       285.8760       285.0767       284.3617    
 1860   283.7713       284.0687       284.8894       286.1158       286.8597       287.2818       287.4523       287.1550       286.4399       285.6608       284.9439       284.2175    
 1861   283.7867       283.9265       284.6263       285.9091       286.8898       287.3406       287.3247       286.9980       286.2483       285.6975       284.9904       284.0442    
 1862   283.6180       283.9369       284.9050       285.9529       286.8789       287.5034       287.6110       287.0855       286.5163       285.7484       284.8223       284.2592    
 1863   283.5625       283.8958       284.7774       285.8812       286.9451       287.5459       287.6183       287.1720       286.5315       285.6333       284.9369       284.3056    
 1864   283.7418       283.8342       284.7086       285.8904       286.6862       287.4784       287.5963       287.1231       286.7096       285.7504       284.9604       284.2707    
 1865   283.8692       284.1959       285.0919       286.0446       287.0787       287.5667       287.6882       287.2120       286.6663       285.8499       285.0019       284.3271    
 1866   283.8681       284.1776       284.7521       285.9574       286.9210       287.4395       287.5929       287.2510       286.5027       285.7348       285.1059       284.3932    
 1867   283.9165       283.9103       284.7047       285.6776       286.6929       287.2743       287.4359       287.2236       286.5390       285.6234       284.9277       284.0849    
 1868   283.8743       283.9414       284.8880       285.9581       286.8189       287.4302       287.5973       287.2784       286.6004       285.7088       285.1267       284.1617    
 1869   283.7509       283.9549       284.9491       286.1122       287.0077       287.6717       287.6030       287.1823       286.3399       285.8647       285.0200       284.2685    
 1870   283.7899       283.9659       284.7895       285.8979       286.9585       287.4013       287.5529       287.3875       286.6248       285.8891       285.0475       284.3199    
 1871   283.8409       284.1190       284.8843       286.1349       287.1067       287.7324       287.7933       287.4006       286.7868       285.9027       285.1618       284.4720    
 1872   284.1700       284.2308       285.1261       286.1136       287.1279       287.5597       287.6942       287.4180       286.7455       285.9323       285.0679       284.3924    
 1873   283.8243       283.9318       284.5866       285.6938       286.8198       287.3592       287.4217       287.1170       286.4432       285.7925       285.0793       284.2994    
 1874   283.7557       284.1045       284.8639       286.1459       287.0378       287.5939       287.7033       287.1180       286.4548       285.6671       284.8399       284.2644    
 1875   283.8627       284.1671       284.8752       285.8331       286.8567       287.4286       287.5630       287.2588       286.4440       285.7575       285.1764       284.5063    
 1876   283.8628       284.0357       284.8955       285.9648       286.9418       287.5321       287.6345       287.2988       286.8813       285.9354       285.0841       284.2762    
 1877   283.8227       284.0041       284.9998       286.0353       286.8954       287.4967       287.4992       287.2134       286.5120       285.6942       284.9720       284.0529    
 1878   283.5826       284.0215       284.9248       286.0618       287.0356       287.5244       287.6612       287.2225       286.6218       285.8668       285.0667       284.4366    
 1879   283.7779       283.9368       284.8404       285.9138       287.0933       287.7571       287.5255       287.3327       286.7681       285.9754       285.0957       284.3501    
 1880   284.0732       284.1971       285.1785       286.1405       286.9858       287.5905       287.6260       287.3387       286.5153       285.8271       284.9966       284.4850    
 1881   283.8416       284.1379       285.0556       286.1306       286.9613       287.5213       287.7940       287.3206       286.5322       285.4941       284.9332       284.0696    
 1882   283.6717       283.7397       284.6412       285.7854       286.6994       287.1637       287.4045       287.1035       286.3313       285.5943       284.9367       284.2975    
 1883   283.6410       283.7583       284.5231       285.7486       286.7088       287.4554       287.3852       287.1077       286.4314       285.7441       284.9987       284.2098    
 1884   283.8139       283.8092       284.8136       286.0297       286.8271       287.4486       287.4995       287.1449       286.2684       285.6078       284.9302       284.3846    
 1885   283.8317       283.9999       284.7496       285.9137       286.9950       287.5178       287.6087       287.1667       286.5410       285.8163       285.0146       284.1518    
 1886   283.7383       284.2435       284.8388       285.8952       286.8793       287.4768       287.5495       287.3367       286.5551       285.8092       285.0021       284.1557    
 1887   283.8620       284.1121       284.9740       286.1720       287.1059       287.6689       287.7337       287.3653       286.5799       285.9511       285.3469       284.5882    
 1888   284.0910       284.2624       285.0513       286.2160       287.1863       287.9180       287.9096       287.4272       287.0080       286.2625       285.4807       284.5340    
 1889   283.8824       284.0267       285.0504       286.1234       287.0731       287.5986       287.6734       287.3469       286.6044       285.7678       285.1185       284.1259    
 1890   283.6808       284.0378       284.9394       286.1833       286.9875       287.6302       287.6064       287.3690       286.6406       286.0330       285.1940       284.2624    
 1891   284.0992       283.9720       285.1921       286.1039       286.9805       287.4647       287.5651       287.2967       286.3260       285.7623       285.0370       284.4099    
 1892   283.8531       283.9389       284.8382       285.9172       286.6550       287.5963       287.5154       287.2313       286.3235       285.6516       285.0347       284.2247    
 1893   283.9687       284.1046       284.8808       286.0069       287.0336       287.6579       287.7668       287.4269       286.6583       285.8077       284.9695       284.3878    
 1894   283.7575       284.2261       285.1565       286.1881       287.1610       287.6806       287.8361       287.2058       286.5830       285.8385       285.1947       284.5551    
 1895   283.8901       284.2897       284.9816       286.1313       287.1579       287.6367       287.5612       287.3275       286.5307       285.9700       285.0883       284.3780    
 1896   283.9157       284.0840       284.7714       285.8834       286.9189       287.4681       287.4420       287.3700       286.7719       285.7400       285.0200       284.2751    
 1897   283.9520       284.1192       284.8457       286.0680       286.9448       287.4905       287.7534       287.3464       286.6086       285.7396       285.0951       284.3304    
 1898   283.8374       284.3376       284.9473       286.1969       287.0492       287.7784       287.8039       287.4725       286.7058       285.8359       285.0441       284.2787    
 1899   283.7263       284.0603       284.9727       285.9328       286.8766       287.5374       287.4800       287.2138       286.3901       285.7762       284.9423       284.2675    
 1900   283.9498       283.9085       284.7426       285.8844       286.9496       287.4220       287.5645       287.3563       286.5327       285.7268       284.9798       284.3526    
 1901   283.8198       284.0388       284.8393       285.7796       286.7851       287.4618       287.5609       287.2252       286.7397       285.8876       284.9549       284.2846    
 1902   283.7545       284.1195       285.1526       286.3277       287.2341       287.8516       287.8562       287.5822       286.6089       286.0291       285.1325       284.4282    
 1903   283.7523       284.1995       284.9549       285.9881       286.8924       287.5164       287.7428       287.3310       286.5694       285.7466       285.1642       284.2267    
 1904   283.8889       284.0724       285.0629       285.9619       287.0554       287.6978       287.8707       287.4095       286.6542       285.9879       285.1918       284.4725    
 1905   283.9853       284.1464       285.0267       286.0955       286.9708       287.5365       287.7580       287.2361       286.6846       285.9601       285.2664       284.5523    
 1906   283.9504       284.1996       284.8671       285.9878       286.9428       287.5390       287.6520       287.2581       286.6489       285.8178       284.9493       284.2078    
 1907   283.7214       283.8818       284.8586       286.1007       286.9313       287.6723       287.6677       287.2275       286.5070       285.8038       285.0874       284.3750    
 1908   283.9642       284.1779       284.8404       286.0884       286.9015       287.4720       287.7445       287.1609       286.4862       285.8087       284.9576       284.1004    
 1909   283.6331       283.9712       284.8027       285.9330       286.8816       287.3669       287.4271       287.3988       286.6151       285.6938       285.0030       284.1453    
 1910   283.6157       283.8701       284.7844       285.9045       286.8401       287.5606       287.5612       287.3192       286.5658       285.8752       285.1694       284.3098    
 1911   284.0942       284.2354       285.0617       286.0832       287.0206       287.5792       287.8041       287.5238       286.9999       286.1522       285.3014       284.7057    
 1912   284.1768       284.5039       285.3084       286.4439       287.4585       287.7099       287.8871       287.5933       286.8868       286.0399       285.2696       284.3815    
 1913   283.9331       284.2726       285.0713       286.1258       286.9632       287.3929       287.6139       287.1980       286.4530       285.8706       285.2197       284.6313    
 1914   284.0610       284.3631       285.1098       286.1208       287.1357       287.7231       287.9539       287.3375       286.8066       286.2346       285.2613       284.4271    
 1915   283.6494       284.1911       284.9353       286.0732       287.0079       287.3518       287.5318       287.2408       286.7791       285.8615       285.1584       284.3664    
 1916   283.8551       284.0232       284.9599       286.0279       287.0398       287.4940       287.5177       287.2954       286.5766       285.7073       285.0173       284.2278    
 1917   283.5407       284.1812       284.8618       286.1251       287.0265       287.7336       287.9423       287.5053       286.6223       286.0369       285.2247       284.6265    
 1918   283.9990       284.1291       285.0405       286.1202       287.1136       287.6861       287.7772       287.5377       286.9094       286.1215       285.2705       284.3998    
 1919   284.0645       284.1168       284.9673       286.0879       286.7850       287.5663       287.5365       287.4003       286.5696       285.9407       285.0983       284.2472    
 1920   283.9509       284.3152       285.2544       286.2374       287.0091       287.7008       287.7115       287.5353       286.5561       285.8772       285.3281       284.4467    
 1921   283.7806       284.4622       285.2884       286.3835       287.0961       287.6418       287.7789       287.3228       286.6507       286.1113       285.2527       284.4259    
 1922   284.0541       284.1146       285.0455       286.0328       286.8721       287.5869       287.7433       287.4652       286.6699       285.8411       285.0898       284.3127    
 1923   283.8907       284.2374       285.0342       285.9558       287.0606       287.7025       287.7810       287.3726       286.7455       285.9459       285.1888       284.2361    
 1924   283.8518       284.2537       285.0311       285.9690       287.0363       287.5948       287.6595       287.4490       286.8379       285.8887       285.2274       284.3220    
 1925   283.8853       284.1714       284.9700       286.1284       287.1258       287.7495       287.7822       287.6820       286.8125       285.9343       285.1772       284.6026    
 1926   284.1034       284.2922       285.2055       286.2519       287.0851       287.7362       288.0229       287.6225       286.8689       285.9602       285.3026       284.5083    
 1927   284.0000       284.4440       285.3698       286.1767       287.0662       287.5634       287.7727       287.3991       286.6832       286.0004       285.2686       284.4547    
 1928   284.0165       284.3400       285.0624       285.9629       287.1548       287.8065       287.8942       287.5082       286.7954       285.9944       285.1552       284.2282    
 1929   284.1877       284.3639       285.3286       286.2207       287.1365       287.6767       287.6099       287.1971       286.6102       285.8772       285.1938       284.4954    
 1930   284.2271       284.3209       285.1003       286.0195       287.0621       287.5712       287.7324       287.3474       286.6750       286.0063       285.2138       284.3858    
 1931   284.2863       284.3586       285.1976       286.1722       287.1852       287.6471       287.7375       287.4397       286.7323       285.9518       285.0437       284.3162    
 1932   284.0016       284.0533       284.9431       286.0000       286.8605       287.4547       287.6136       287.4610       286.7414       286.0410       285.3283       284.5180    
 1933   284.0356       284.3707       285.1136       286.2990       287.2790       287.9627       288.0652       287.5468       286.8315       286.1406       285.3540       284.4583    
 1934   284.0950       284.3232       285.2872       286.2350       287.2308       287.8590       287.8347       287.4810       286.6963       285.8060       285.1106       284.2911    
 1935   283.7950       284.1212       284.8705       285.8115       286.9239       287.4138       287.5194       287.3704       286.7189       286.1173       285.3671       284.4528    
 1936   283.9548       284.4062       285.2878       286.1772       287.1266       287.6750       287.8355       287.6057       286.8206       285.9109       285.2756       284.5782    
 1937   283.9704       284.2947       285.4236       286.3160       287.2223       287.8560       288.0667       287.6178       286.6173       285.9938       285.2502       284.3265    
 1938   283.9244       284.0600       284.9439       286.0402       287.0296       287.5547       287.7172       287.4975       286.6813       285.9761       284.9622       284.3777    
 1939   283.9352       284.2090       284.8051       286.0196       286.9995       287.6521       287.7588       287.4990       286.9380       286.0751       285.3526       284.4261    
 1940   283.8693       284.3695       285.2155       286.3727       287.1661       287.7612       287.8166       287.5219       286.8972       286.0768       285.2350       284.5853    
 1941   284.0189       284.0050       284.8394       285.9992       287.0755       287.5761       287.7086       287.2122       286.8275       286.0796       285.3277       284.4357    
 1942   283.9291       284.1970       284.9409       286.1694       287.2007       287.7934       287.8916       287.5376       286.8498       286.1627       285.2848       284.4692    
 1943   284.0744       284.3172       285.3378       286.1741       286.9868       287.5572       287.7445       287.4145       286.7770       286.2144       285.3235       284.5431    
 1944   284.2597       284.6296       285.4145       286.2619       287.2133       287.8340       287.9983       287.5505       286.8567       286.3053       285.4995       284.7197    
 1945   284.2448       284.3817       285.1266       286.2692       287.2069       287.8335       287.8607       287.5949       287.0585       286.2971       285.6840       284.7164    
 1946   284.3578       284.5329       285.4182       286.5535       287.5381       287.9972       288.0434       287.6463       287.0167       286.2293       285.4702       284.7043    
 1947   284.2146       284.6277       285.2564       286.2929       287.1826       287.6555       287.8883       287.6286       286.7840       286.2237       285.4125       284.6058    
 1948   284.0050       284.4284       285.1908       286.2063       287.2300       287.7196       287.8398       287.5001       286.8365       286.0434       285.2589       284.6393    
 1949   284.1337       284.2075       285.1224       286.1154       287.0282       287.6995       287.7764       287.4076       286.8398       286.1049       285.3719       284.6672    
 1950   284.3384       284.6243       285.2878       286.2820       287.2213       287.7575       287.8942       287.5117       286.8659       286.2867       285.6394       284.9019    
 1951   284.3819       284.7959       285.5489       286.4137       287.4476       287.9694       288.0742       287.7625       286.9447       286.1956       285.4565       284.7134    
 1952   284.1892       284.4421       285.2829       286.1298       287.1828       287.8423       287.8533       287.5313       286.9818       286.2032       285.4233       284.7506    
 1953   284.2963       284.5504       285.2439       286.3402       287.2432       287.9292       287.8955       287.6327       286.9588       286.2115       285.4361       284.6442    
 1954   284.0020       284.3636       285.1013       286.2570       287.1539       287.6929       287.9402       287.4854       286.9170       286.2193       285.4655       284.6604    
 1955   284.1236       284.4436       285.1900       286.2318       287.1923       287.6086       287.7642       287.4031       286.8160       286.2306       285.2840       284.6747    
 1956   284.2177       284.3145       285.1356       286.2072       287.0906       287.7516       287.8671       287.4684       286.8585       286.0211       285.3040       284.4742    
 1957   284.0220       284.3900       285.2427       286.2685       287.2845       287.7800       287.9227       287.6489       286.7735       286.0334       285.3781       284.4537    
 1958   284.1543       284.3792       285.2342       286.1523       287.1896       287.8185       287.9829       287.6469       286.9116       286.3351       285.1798       284.4139    
 1959   284.1256       284.3761       285.1787       286.1496       287.1245       287.6038       287.8644       287.5027       286.7284       286.2423       285.4085       284.8037    
 1960   284.1526       284.3434       285.3547       286.2865       287.1954       287.7338       287.9192       287.5390       286.8245       286.1486       285.4355       284.7307    
 1961   284.1258       284.3587       285.4238       286.3079       287.1905       287.8802       288.0268       287.6839       286.8571       286.1865       285.3525       284.7873    
 1962   284.0813       284.4720       285.3430       286.3932       287.2119       287.8505       287.7951       287.5833       286.7707       285.9240       285.4041       284.4649    
 1963   283.9903       284.0201       284.8776       286.0923       287.0950       287.6243       287.9565       287.5503       286.8231       286.2080       285.2997       284.7593    
 1964   284.1430       284.5424       285.3652       286.4279       287.3712       288.0005       288.0913       287.9030       287.1480       286.3554       285.4135       284.7928    
 1965   284.2545       284.5323       285.4768       286.6556       287.5221       288.1935       288.2468       287.8896       287.2229       286.4655       285.4211       284.8157    
 1966   284.4211       284.7169       285.3130       286.3575       287.3846       287.9559       288.0427       287.6729       287.1057       286.5396       285.5749       284.7105    
 1967   284.3671       284.5611       285.3790       286.3865       287.3186       287.7308       288.0124       287.7100       287.1324       286.1983       285.5184       285.0848    
 1968   284.3592       284.5149       285.3378       286.4155       287.2974       287.8783       288.1451       287.9000       287.1466       286.3226       285.6385       284.8927    
 1969   284.2825       284.4312       285.4662       286.4205       287.4284       287.9774       288.0956       287.8539       287.0351       286.2882       285.7063       284.9018    
 1970   284.5682       284.7182       285.4625       286.5049       287.4569       288.0209       288.1347       287.9482       287.2470       286.4310       285.7423       284.8130    
 1971   284.4633       284.6756       285.4264       286.3568       287.3914       288.0277       288.1908       287.7817       287.1602       286.5545       285.5618       284.7789    
 1972   284.6650       284.9510       285.7707       286.7267       287.6316       288.0152       288.2684       287.8972       287.3544       286.5160       285.8916       285.0873    
 1973   284.6946       284.8646       285.6979       286.9001       287.6559       288.1710       288.3159       287.9866       287.3538       286.5602       285.6656       284.8870    
 1974   284.4550       284.5027       285.5980       286.5946       287.4794       287.9729       288.1294       287.8712       286.9761       286.2295       285.6133       284.9066    
 1975   284.4412       284.6296       285.4080       286.4435       287.1124       288.0096       288.2252       287.9066       287.2261       286.3674       285.7927       284.7873    
 1976   284.3900       284.8379       285.5709       286.5352       287.4163       288.0928       288.2141       287.8688       287.1281       286.4560       285.6918       284.9391    
 1977   284.7298       284.8463       285.7369       286.6433       287.5918       288.1675       288.1254       287.8121       287.1157       286.5661       285.5930       284.9293    
 1978   284.8418       284.9056       285.6497       286.6477       287.7362       288.2794       288.2413       287.9943       287.4318       286.5644       285.7510       285.0029    
 1979   284.6424       284.7177       285.6532       286.5769       287.5000       288.2999       288.3389       287.9164       287.4122       286.7460       286.2107       285.2131    
 1980   284.6490       284.9070       285.7669       286.6146       287.5930       288.3165       288.4673       288.0842       287.3441       286.4907       285.7533       284.8373    
 1981   284.5461       284.8347       285.6339       286.8126       287.7056       288.3286       288.4455       287.9841       287.3218       286.6389       285.8883       285.2152    
 1982   284.6372       284.7498       285.6472       286.7665       287.7375       288.1871       288.4038       288.1433       287.3506       286.5883       286.0262       285.1096    
 1983   284.5398       284.7171       285.4603       286.6784       287.6301       288.2301       288.3487       288.0800       287.4189       286.7630       285.8766       285.2872    
 1984   284.6735       284.8225       285.9106       286.9317       287.6761       288.3459       288.4576       287.9872       287.3675       286.6554       286.0498       285.1739    
 1985   284.6382       285.0525       285.7879       286.7354       287.7029       288.4859       288.6100       288.1338       287.4868       286.7661       286.1729       285.2491    
 1986   284.9917       285.1143       285.9732       287.2083       288.1704       288.6806       288.8165       288.3635       287.5500       286.8086       286.0793       285.2477    
 1987   284.5937       284.8749       285.7421       286.8507       287.8975       288.6257       288.8053       288.4121       287.7661       286.9912       286.1859       285.4469    
 1988   284.9711       285.0805       286.0588       287.0018       287.8156       288.3689       288.5207       288.2247       287.4938       286.8555       286.1977       285.3440    
 1989   284.7996       285.1883       285.8625       287.0078       287.9794       288.5526       288.6899       288.4175       287.6740       286.9607       286.0994       285.4519    
 1990   284.9656       285.2335       286.1732       287.0817       288.0639       288.6464       288.8326       288.3424       287.7110       286.8517       285.7931       285.3719    
 1991   284.9893       285.2271       285.9154       286.9388       287.8143       288.6085       288.6763       288.1492       287.4193       286.8606       286.2880       285.3944    
 1992   284.8542       285.1330       286.0396       287.0206       287.8613       288.5910       288.7535       288.3298       287.7123       286.8396       286.3074       285.6093    
 1993   285.0164       285.1885       286.0610       287.1834       288.0761       288.7892       288.7525       288.4211       287.7445       286.9531       286.1585       285.4843    
 1994   285.0206       285.2776       286.2627       287.1898       288.0316       288.6492       288.6678       288.3506       287.8034       287.0766       286.1777       285.5439    
 1995   284.9686       285.2716       286.2196       287.1446       288.2066       288.8492       288.8802       288.4805       287.9446       287.1825       286.3936       285.5775    
 1996   285.3898       285.3962       286.3492       287.4243       288.3587       288.7822       288.9044       288.5974       287.9125       287.0325       286.3662       285.6729    
 1997   285.1215       285.5662       286.1162       286.9774       287.7798       288.2694       288.5508       288.3018       287.6878       287.0587       286.3263       285.6112    
 1998   285.2024       285.4807       286.1776       287.1946       288.0231       288.6929       288.8269       288.6031       287.8655       287.0119       286.3179       285.6502    
 1999   284.9514       285.2988       286.1275       287.2715       288.1573       288.7501       288.7553       288.5317       287.8813       287.0486       286.4852       285.7442    
 2000   285.1212       285.3270       285.9764       287.1827       288.0443       288.6245       288.8477       288.4348       288.0174       287.2382       286.2976       285.5939    
 2001   285.0565       285.3220       286.0800       287.0715       288.1203       288.6863       288.8499       288.4188       287.9054       287.2618       286.3909       285.7162    
 2002   285.5100       285.5592       286.4247       287.4394       288.3701       288.8619       289.0528       288.6685       288.0260       287.1357       286.3114       285.8064    
 2003   285.4964       285.6149       286.2502       287.2650       288.2960       288.7477       288.9214       288.5781       287.8905       287.3055       286.4695       285.8227    
 2004   285.1842       285.3578       286.1846       287.2966       288.0823       288.7690       288.8490       288.6138       287.8304       286.9997       286.3714       285.6645    
 2005   285.0023       285.3586       286.1363       287.3495       288.1924       288.9599       288.9232       288.6922       288.0903       287.2388       286.4913       285.7661    
 2006   285.4897       285.7061       286.4484       287.4600       288.4583       289.0104       289.1128       288.7792       288.1551       287.2245       286.5201       285.8342    
 2007   285.4438       285.6065       286.4581       287.4496       288.3735       288.9054       288.9847       288.9099       288.0229       287.3965       286.3744       285.7434    
 2008   285.2768       285.5558       286.4126       287.2510       288.2437       288.8349       289.0268       288.7680       287.9064       287.3203       286.5742       285.6739    
 2009   285.1754       285.3227       286.2905       287.3093       288.1767       288.6548       288.6927       288.6140       287.8228       287.2325       286.4250       285.7812    
 2010   285.4073       285.6423       286.1473       287.2028       288.1753       288.7421       289.0598       288.5727       288.0122       287.2018       286.3834       285.6719    
 2011   285.4312       285.7592       286.3217       287.2903       288.2053       288.8052       288.9670       288.8424       287.9325       287.3295       286.5575       285.6413    
 2012   285.2350       285.3815       286.2324       287.4478       288.4034       288.8618       288.9045       288.6208       288.0001       287.3095       286.6862       285.8198    
 2013   285.3449       285.6034       286.2380       287.2138       288.2744       289.0209       288.9746       288.6788       287.9712       287.4062       286.7157       285.9398    
 2014   285.3791       285.7278       286.6841       287.5268       288.5963       289.1485       289.1187       288.8441       288.1740       287.4427       286.6206       285.8184    
 2015   285.5143       285.7539       286.4611       287.4732       288.5825       289.1510       289.1490       288.9383       288.1644       287.5404       286.7673       286.1053    
 2016   285.9224       285.8655       286.7461       287.7423       288.6412       289.2042       289.3453       289.0368       288.4424       287.7287       286.7066       286.0749    
 2017   285.5649       285.8682       286.6409       287.6627       288.5398       289.1828       289.2805       288.8802       288.0153       287.6029       286.7932       286.1510    
 2018   285.5935       285.9282       286.6140       287.5479       288.4217       289.0068       289.0888       288.8469       288.0801       287.3911       286.7496       286.2044    
 2019   285.7228       285.8608       286.4382       287.5291       288.4597       289.1505       289.1555       288.9604       288.1599       287.3788       286.6505       286.1393    
 2020   285.8852       285.8260       286.6781       287.8639       288.6598       289.2286       289.4499       289.2449       288.2956       287.6402       286.7761       286.1323    
 2021   285.6531       286.0613       286.8183       287.7938       288.7711       289.3078       289.3371       288.9171       288.3128       287.7624       287.1142       286.1191    
 2022   285.5937       285.8463       286.7229       287.6025       288.7214       289.3273       289.3476       289.1149       288.4324       287.6334       286.9180       286.0604    
 2023   285.8509       286.0556       286.9236       287.8701       288.6624       289.1950       289.3920       289.0690       288.4106       287.8039       287.0364       286.3052    
 2024   285.7380       285.9132       286.8740       287.8552       288.7931       289.2299       289.4887       289.2051       288.2962       287.6127       287.0171       286.3739    
 2025   285.9152       286.0976       286.8514       287.7652       288.6868       289.3101       289.4557       289.1768       288.4720       287.8557       287.0758       286.3512    
 2026   285.9330       286.1432       286.8295       287.7772       288.8003       289.4158       289.5743       289.1838       288.5093       287.7537       287.0443       286.2561    
 2027   286.0395       286.2493       286.7990       287.7664       288.6079       289.1935       289.5786       289.1357       288.4024       287.7120       287.0685       286.4963    
 2028   286.0974       286.2753       286.9305       287.8844       288.8049       289.4427       289.4815       289.3836       288.6726       288.0167       287.0941       286.4112    
 2029   285.9854       286.3126       287.1287       287.8452       288.9103       289.5365       289.6453       289.2396       288.5612       287.7932       286.9267       286.3882    
 2030   286.0426       286.0357       286.9523       287.9304       288.9411       289.4633       289.5567       289.1096       288.5656       288.0004       287.3341       286.4090    
 2031   285.8924       286.0816       286.9728       287.9912       288.9852       289.5175       289.6305       289.3582       288.5829       287.8368       287.1503       286.5766    
 2032   286.0094       286.0975       286.8857       287.7845       288.7938       289.4091       289.7761       289.3767       288.7076       287.9872       287.1448       286.0829    
 2033   285.7797       286.1176       287.0537       287.9622       288.8454       289.4261       289.5119       289.2073       288.5008       287.9282       287.1829       286.5709    
 2034   286.1625       286.2374       286.9413       287.9780       288.8849       289.4574       289.6236       289.1828       288.6085       287.9892       287.1534       286.3636    
 2035   286.0703       286.2242       286.8544       288.0415       288.8623       289.5800       289.6779       289.3983       288.5705       287.7926       287.1945       286.5299    
 2036   286.1408       286.1843       287.0014       287.9941       288.8072       289.3749       289.5440       289.2969       288.5945       287.8529       287.1976       286.5529    
 2037   286.3169       286.3327       287.0607       288.0269       289.1146       289.4159       289.7403       289.3585       288.6367       287.8919       287.2247       286.3770    
 2038   286.0336       286.3313       286.9695       288.0548       289.1293       289.6259       289.6866       289.7177       288.7722       288.2400       287.3671       286.7154    
 2039   286.1998       286.4040       287.0260       287.9725       288.9651       289.4818       289.6477       289.3616       288.7451       288.0542       287.3892       286.6829    
 2040   286.4340       286.3581       287.0390       288.0379       288.8946       289.5988       289.7133       289.3061       288.6225       288.0725       287.2713       286.7645    
 2041   286.2189       286.4866       287.0099       288.1073       289.0714       289.5132       289.6876       289.4107       288.8177       288.2250       287.4565       286.8113    
 2042   286.4882       286.5216       287.1152       288.2191       289.1342       289.7575       290.0468       289.6467       289.0006       288.4188       287.5465       287.0233    
 2043   286.4061       286.4363       287.1889       288.3506       289.0917       289.6779       289.8480       289.3435       288.7032       287.9693       287.3185       286.7360    
 2044   286.2715       286.5992       287.2827       288.1292       289.1264       289.7521       289.8030       289.6349       288.9200       288.0964       287.4396       286.4898    
 2045   286.2751       286.4946       287.2411       288.3863       289.2389       289.7417       289.9310       289.6159       288.8175       288.3854       287.5903       286.9286    
 2046   286.4470       286.6208       287.3077       288.3305       289.2288       289.8117       289.9406       289.7293       288.9136       288.2668       287.6061       287.0641    
 2047   286.5750       286.7697       287.4857       288.3004       289.2249       289.6878       289.9037       289.6427       288.9276       288.2918       287.6480       286.9223    
 2048   286.4213       286.5806       287.4282       288.5149       289.2794       289.8713       290.0657       289.9309       289.1259       288.4557       287.6232       286.8402    
 2049   286.4484       286.6198       287.5244       288.5655       289.4251       290.0477       289.9966       289.6750       289.1736       288.5501       287.7882       286.9671    
 2050   286.6794       286.7200       287.5716       288.2943       289.2623       289.9930       289.9896       289.6073       289.0354       288.4582       287.7226       286.9194    
 2051   286.5160       286.6906       287.5194       288.3828       289.3416       289.7764       289.9979       289.8210       289.0623       288.3700       287.7987       287.2191    
 2052   286.5722       286.7730       287.3149       288.4661       289.3378       290.0871       290.2008       289.8534       289.1451       288.2836       287.5156       286.8871    
 2053   286.5663       286.6585       287.4948       288.4611       289.3618       289.9171       290.1060       289.7157       289.1449       288.3994       287.6903       287.2368    
 2054   286.6202       286.4849       287.0618       288.2105       289.1566       289.9415       290.0257       289.6906       289.1596       288.4213       287.6893       287.0513    
 2055   286.5777       286.8262       287.4803       288.2553       289.2669       289.9454       290.0274       289.7976       289.2881       288.6107       287.6743       287.0996    
 2056   286.6414       286.9848       287.5799       288.5305       289.4794       290.0091       290.3331       290.0758       289.4890       288.6364       287.9262       287.0367    
 2057   286.4679       286.9741       287.6882       288.5632       289.5755       290.1290       290.2776       289.9638       289.1079       288.4890       287.6511       287.0677    
 2058   286.6635       286.8635       287.5623       288.5899       289.5255       290.0678       290.1110       289.9840       289.2369       288.5782       287.8696       287.0634    
 2059   286.6270       287.1841       287.6810       288.6008       289.6071       290.2096       290.2865       289.9543       289.4864       288.7312       287.9216       287.2072    
 2060   286.6116       286.8895       287.5504       288.6003       289.6704       290.1510       290.1724       289.9043       289.3990       288.8004       287.8255       287.2455    
 2061   286.7025       286.8706       287.4969       288.7042       289.6186       290.2293       290.3571       289.9471       289.2224       288.7412       287.8538       287.1109    
 2062   286.7777       287.1089       287.7656       288.7922       289.8115       290.3295       290.5143       290.0102       289.4195       288.6560       288.0846       287.3269    
 2063   287.1437       287.0870       287.9281       288.6417       289.8195       290.3674       290.4612       290.1036       289.4622       288.8206       288.0399       287.2766    
 2064   286.9545       287.1361       287.7747       288.7676       289.7315       290.1472       290.3244       290.1883       289.5267       288.7034       288.0846       287.4481    
 2065   286.9943       287.0473       287.7761       288.8224       289.6500       290.1490       290.1596       289.9206       289.4334       288.7572       288.2567       287.3183    
 2066   286.7063       286.9217       287.5375       288.7168       289.6952       290.0777       290.3110       289.9219       289.5060       288.8046       287.9019       287.2842    
 2067   286.9106       287.2166       287.8711       288.7257       289.6440       290.3150       290.3307       290.1238       289.4695       288.7815       288.1406       287.5777    
 2068   287.0312       287.2843       287.9861       288.9976       289.7805       290.3846       290.6209       290.4199       289.6447       288.8598       288.2966       287.5965    
 2069   287.0298       287.3266       288.0020       288.9482       289.9486       290.4918       290.8072       290.5688       289.6479       288.9690       288.3702       287.6034    
 2070   287.0718       287.1830       287.9415       288.9425       289.7863       290.1302       290.5062       290.2613       289.5147       289.0417       288.3037       287.5952    
 2071   287.0733       287.4011       288.1591       289.0377       289.9474       290.5073       290.5234       290.2807       289.5860       288.8957       288.2508       287.3500    
 2072   287.1636       287.2500       287.9489       288.8561       289.8363       290.3691       290.4645       290.1992       289.6790       289.0179       288.2309       287.4372    
 2073   287.2092       287.3712       287.9098       288.9704       289.8051       290.2922       290.4728       290.2482       289.6019       288.9059       288.0858       287.5168    
 2074   287.0598       287.2690       288.0815       288.9474       289.9367       290.4046       290.6587       290.2570       289.5530       288.9099       288.2956       287.7655    
 2075   287.4115       287.4542       288.1828       289.1145       289.8518       290.4950       290.5714       290.3133       289.8194       289.1644       288.4247       287.6499    
 2076   287.2483       287.2675       288.1776       289.0197       289.9884       290.6314       290.6584       290.5129       289.6608       289.1219       288.3678       287.6235    
 2077   287.2475       287.5673       288.2186       289.2445       290.0036       290.6202       290.7856       290.5667       289.7577       289.0828       288.4599       287.9407    
 2078   287.4236       287.5296       288.1351       289.2121       290.1123       290.5851       290.7329       290.5968       289.8422       289.0745       288.4197       287.6547    
 2079   287.2850       287.3508       288.1365       289.1488       289.9858       290.3871       290.5798       290.2354       289.7191       289.1199       288.5325       287.8991    
 2080   287.4814       287.4502       288.0758       289.1695       290.0146       290.5918       290.6510       290.3486       289.6596       289.0596       288.3703       287.8154    
 2081   287.3340       287.4984       288.0614       288.9122       289.8801       290.5576       290.8205       290.4898       289.8900       289.0730       288.2799       287.8045    
 2082   287.3478       287.4741       288.3379       289.1785       290.0498       290.6715       290.6870       290.4859       289.8140       289.2016       288.3602       287.5864    
 2083   287.3416       287.4909       288.2559       289.1801       290.1795       290.7243       290.8979       290.5283       289.8963       289.2671       288.4186       287.6307    
 2084   287.3587       287.5049       288.2330       289.2547       290.0577       290.6224       290.8940       290.5828       289.7631       289.4584       288.5251       287.9147    
 2085   287.5114       287.5198       288.1663       289.2468       290.1557       290.7539       291.0117       290.6129       289.8778       289.1699       288.5224       287.8037    
 2086   287.4137       287.5242       288.2916       289.2370       290.1906       290.8121       290.9029       290.3972       289.7902       289.1969       288.3179       287.7445    
 2087   287.2587       287.4206       288.3497       289.1857       289.9343       290.7120       290.9048       290.5593       290.1485       289.4173       288.6640       287.9734    
 2088   287.5148       287.7881       288.4823       289.4530       290.1186       290.6516       290.8476       290.6687       290.0206       289.2106       288.4694       287.8536    
 2089   287.3517       287.7088       288.3862       289.2639       290.1523       290.7414       291.0799       290.9010       290.0089       289.2772       288.5868       287.7473    
 2090   287.4872       287.7253       288.3360       289.3244       290.1706       290.7053       290.7946       290.5918       289.7228       289.1361       288.4671       287.8971    
 2091   287.3755       287.3255       288.1965       289.1589       290.0566       290.6051       290.9155       290.5443       290.0148       289.2571       288.5233       287.7863    
 2092   287.4288       287.4980       288.4373       289.2229       290.2013       290.9631       290.8153       290.6189       289.9897       289.3138       288.7809       288.0591    
 2093   287.5682       287.7223       288.5439       289.5526       290.3649       290.9146       291.1063       290.7124       290.0392       289.6072       288.5864       288.0516    
 2094   287.4980       287.7240       288.5523       289.5945       290.4083       291.0969       291.1630       290.8415       290.1295       289.5621       288.7011       288.2039    
 2095   287.6771       287.7419       288.5428       289.6677       290.5195       291.0931       291.3566       291.0534       290.2977       289.3697       288.7997       288.1382    
 2096   287.5215       287.9170       288.5800       289.5437       290.3861       291.0066       291.2197       290.8851       290.1631       289.7651       288.8105       288.0702    
 2097   287.7871       288.0739       288.3118       289.2744       290.2480       290.7425       290.9129       290.7885       290.0702       289.5346       288.7446       288.1044    
 2098   287.8308       288.0355       288.4542       289.4312       290.4480       290.9353       291.0716       290.8131       290.1829       289.5490       288.6996       288.1274    
 2099   287.7068       287.7263       288.2845       289.4420       290.5046       291.0037       291.0901       290.8733       290.2891       289.4873       288.5822       287.9924    
 2100   287.5115       287.7204       288.5197       289.4875       290.3209       290.9056       291.1364       290.8685       290.2542       289.5156       288.7509       288.0229    
 2101   287.8069       287.8593       288.5821       289.4170       290.2615       290.9687       291.2602       290.7985       290.0825       289.3997       288.8256       288.0916    
 2102   287.7076       287.9302       288.4237       289.5796       290.4323       290.8999       291.1519       290.7878       290.1049       289.4760       288.9771       288.1823    
 2103   287.5743       287.6504       288.6176       289.4276       290.4449       291.0413       291.1658       291.0161       290.3035       289.4448       288.7143       288.1828    
 2104   287.5162       287.6653       288.3708       289.4415       290.2776       290.9666       291.1028       290.7489       290.1124       289.3454       288.9107       288.1191    
 2105   287.4705       287.6750       288.3026       289.3834       290.3177       290.9497       291.1500       290.6859       290.0169       289.4220       288.7913       288.0481    
 2106   287.8330       287.8927       288.4831       289.2811       290.2015       290.9958       291.1710       290.8276       290.4448       289.7754       288.9783       288.3016    
 2107   287.8646       287.6846       288.4900       289.3094       290.3359       291.0609       291.1623       290.8307       290.1567       289.4750       288.6430       287.9817    
 2108   287.5145       287.6931       288.3704       289.4189       290.3358       290.9173       291.0949       290.9357       290.4695       289.4916       288.7252       288.2883    
 2109   287.6199       288.0684       288.3768       289.3677       290.3068       290.9769       291.0573       290.8513       290.2976       289.5195       288.8000       288.1774    
 2110   287.9365       288.0311       288.6539       289.5030       290.4629       291.0748       291.2021       290.8766       290.0060       289.4694       288.7431       287.9733    
 2111   287.6577       287.9460       288.5416       289.5815       290.5164       291.0164       291.0758       290.9986       290.1787       289.7002       289.0221       288.2626    
 2112   287.9708       288.0548       288.5937       289.5855       290.5658       291.1595       291.3549       291.0621       290.3059       289.7591       289.0678       288.3452    
 2113   287.9289       287.8687       288.7377       289.6054       290.5972       291.2292       291.1136       290.9275       290.3896       289.6350       288.9239       288.2708    
 2114   287.8047       288.0378       288.5959       289.5563       290.4008       290.9732       291.2488       290.9163       290.2817       289.4868       288.9309       288.0719    
 2115   287.7648       287.8611       288.5775       289.4595       290.3591       290.9550       291.1386       290.8384       290.2310       289.6656       288.9811       288.2244    
 2116   287.8190       288.0699       288.4654       289.5219       290.4284       290.9764       291.2658       290.9728       290.4337       289.6752       288.9890       288.0716    
 2117   287.6539       288.0110       288.8317       289.6222       290.6455       291.1124       291.4227       290.9450       290.3270       289.6853       288.9643       288.1293    
 2118   287.8961       288.0147       288.5912       289.5114       290.4883       291.2082       291.2248       290.8644       290.3334       289.7651       289.0738       288.2651    
 2119   287.7847       288.0378       288.6838       289.5278       290.5873       291.1955       291.3138       290.9261       290.1900       289.7560       289.0629       288.3191    
 2120   287.8368       288.0393       288.7127       289.7601       290.5814       291.2162       291.4342       291.0749       290.3003       289.6203       288.9595       288.4372    
 2121   287.7643       288.0359       288.6648       289.6789       290.3810       290.9698       291.3325       291.0157       290.3241       289.7822       288.7844       288.1872    
 2122   287.8874       288.0234       288.7227       289.5616       290.4957       291.1773       291.2790       290.9554       290.2244       289.6826       289.0103       288.1266    
 2123   287.8247       287.9415       288.6730       289.6158       290.4011       291.1188       291.3042       291.1136       290.2793       289.5717       288.6729       288.1726    
 2124   287.5620       288.0247       288.7502       289.5474       290.5737       291.1487       291.2789       291.0368       290.4040       289.7134       289.0557       288.4084    
 2125   287.8788       288.1225       288.6349       289.7845       290.4441       291.2441       291.4087       291.0007       290.3282       289.6019       288.7937       288.2189    
 2126   287.8138       287.9770       288.7434       289.3424       290.4209       291.0945       291.2408       291.0603       290.2461       289.5490       289.0066       288.1282    
 2127   287.6970       288.0897       288.7527       289.5548       290.3987       291.1320       291.2990       291.0049       290.3332       289.4763       288.8799       288.2440    
 2128   287.8674       287.9872       288.7728       289.6071       290.5468       291.1250       291.4527       290.9892       290.3635       289.5615       288.7846       288.3394    
 2129   287.8876       287.8542       288.4610       289.5464       290.5065       291.1231       291.2212       290.8404       290.4061       289.7181       289.0743       288.4017    
 2130   287.8868       288.0009       288.6083       289.5804       290.5569       291.2995       291.2926       290.8655       290.3087       289.5836       288.8870       288.3133    
 2131   287.9207       288.1672       288.6890       289.6679       290.5858       291.1717       291.2849       291.0333       290.3464       289.5970       288.8232       288.1948    
 2132   287.7278       288.1403       288.7642       289.6123       290.6046       291.2666       291.2352       291.0648       290.3569       289.6581       289.0284       288.3582    
 2133   287.9488       288.1619       288.7476       289.6092       290.5915       291.2065       291.3158       290.9145       290.2561       289.6140       288.9551       288.2258    
 2134   287.5777       287.7845       288.7104       289.5415       290.4177       291.1143       291.3070       291.1722       290.0206       289.5652       288.9932       288.2854    
 2135   287.6039       287.7487       288.4702       289.6263       290.4034       291.1842       291.3279       291.0253       290.4112       289.6231       288.9957       288.3258    
 2136   287.7573       287.9513       288.8329       289.5778       290.5077       291.1591       291.3594       290.8961       290.2954       289.6000       288.8064       288.0558    
 2137   287.7925       287.8695       288.6788       289.5439       290.5215       291.0203       291.3100       290.9097       290.1257       289.6462       288.9217       288.2656    
 2138   287.9159       288.0196       288.5999       289.6467       290.4670       291.2151       291.5422       291.1533       290.5345       289.7320       288.8647       288.4626    
 2139   287.9866       288.1262       288.8509       289.7917       290.7264       291.2783       291.5024       291.0814       290.4194       289.7948       289.1781       288.2998    
 2140   288.0994       288.3341       288.7541       289.7950       290.5077       291.0911       291.2847       291.0021       290.2965       289.6529       288.9514       288.2711    
 2141   287.7894       287.8236       288.6006       289.5244       290.5528       291.0205       291.2605       290.9466       290.1280       289.8015       288.9845       288.2762    
 2142   287.9026       288.1356       288.5491       289.6774       290.5703       291.2311       291.3901       291.0409       290.4720       289.6495       288.9308       288.2271    
 2143   288.0104       288.1230       288.5170       289.7706       290.5272       291.1837       291.1798       290.8936       290.2267       289.6003       288.9698       288.3735    
 2144   287.8264       288.1219       288.7625       289.8131       290.6100       291.2207       291.2710       291.0537       290.4688       289.8442       289.0640       288.2666    
 2145   287.8148       288.1811       288.7805       289.8191       290.5821       291.3109       291.3121       291.0672       290.2769       289.4631       288.9074       288.1650    
 2146   287.8609       288.0934       288.5410       289.5892       290.6756       291.1332       291.2548       291.1470       290.3795       289.6545       288.8475       288.3597    
 2147   287.8393       287.8937       288.7899       289.5898       290.4691       291.1037       291.3170       291.0589       290.3520       289.6532       288.9161       288.4395    
 2148   288.0533       288.0335       288.6519       289.6495       290.6784       291.2393       291.6182       291.1898       290.2074       289.7170       289.1167       288.4454    
 2149   287.9477       287.8172       288.8640       289.7334       290.5530       291.1345       291.4099       291.0566       290.3740       289.8053       289.0172       288.3703    
 2150   288.0189       288.2230       288.5679       289.5548       290.6106       291.3709       291.4844       291.0884       290.5534       289.7692       289.1138       288.3410    
 2151   288.1719       288.1501       288.8508       289.8617       290.7931       291.2608       291.4740       291.2360       290.5157       289.7399       289.0808       288.3616    
 2152   287.7668       287.9734       288.7366       289.7028       290.5335       291.1686       291.4938       291.2075       290.4342       289.8588       289.2698       288.4160    
 2153   287.9991       288.1241       288.6090       289.8143       290.7493       291.2288       291.3873       290.9944       290.6306       289.8429       288.9508       288.3972    
 2154   287.9552       287.9214       288.5905       289.8335       290.8931       291.3329       291.3274       291.2617       290.4069       289.9180       289.1940       288.4837    
 2155   288.0800       288.1937       288.8455       289.8047       290.6619       291.3108       291.3319       291.0278       290.4681       289.7553       289.2429       288.3827    
 2156   287.9145       287.9583       288.7007       289.7278       290.5023       291.2353       291.2786       291.0462       290.3454       289.7417       289.0733       288.4653    
 2157   287.9968       288.0619       288.8038       289.8863       290.5898       291.1437       291.2627       290.9344       290.5210       289.8174       289.1017       288.4617    
 2158   288.0862       288.1734       288.7779       289.7426       290.7178       291.2776       291.5517       291.3200       290.5109       289.8515       289.1392       288.4554    
 2159   288.0221       288.1504       288.8444       289.7950       290.5677       291.1836       291.4316       291.0902       290.3435       289.8737       288.9482       288.3464    
 2160   287.5957       288.0299       288.6615       289.5095       290.5467       291.2826       291.5930       291.0298       290.4097       289.8764       289.1826       288.4688    
 2161   287.8247       288.1134       288.8099       289.7507       290.6631       291.4256       291.5294       291.1785       290.4752       289.7505       288.9776       288.3643    
 2162   288.0735       288.1011       288.6061       289.7565       290.6651       291.2429       291.5646       291.2183       290.4912       289.8379       289.0912       288.4111    
 2163   287.9666       288.1496       288.7273       289.7298       290.7817       291.4229       291.3909       291.1138       290.5581       289.8977       289.0605       288.4603    
 2164   288.0060       288.2948       288.7366       289.8043       290.8568       291.3282       291.5690       291.3484       290.6407       289.6416       288.9439       288.2892    
 2165   287.9086       287.9090       288.6533       289.6622       290.6948       291.2952       291.3883       291.0678       290.4079       289.8311       289.0956       288.6447    
 2166   288.1759       288.0796       288.8686       289.8689       290.8012       291.2311       291.4630       291.1793       290.6269       289.7887       289.2300       288.5308    
 2167   288.2350       288.4190       288.8383       289.7326       290.8333       291.3352       291.4699       291.2218       290.4990       289.9036       289.1849       288.5570    
 2168   287.9955       288.2080       288.8956       289.9645       290.7229       291.3208       291.6388       291.2238       290.5139       289.7551       289.1705       288.5468    
 2169   287.9867       288.2198       288.7973       289.7590       290.7764       291.3333       291.3740       291.2705       290.5582       289.8867       289.0563       288.4143    
 2170   288.0710       288.0236       288.9324       289.6969       290.6796       291.2009       291.5234       291.0852       290.4379       289.7337       288.9441       288.3386    
 2171   287.8257       288.1323       288.8523       289.7884       290.7326       291.1955       291.4569       291.1229       290.4398       289.9125       289.1557       288.4836    
 2172   287.9684       288.1935       288.9467       289.8712       290.7491       291.3261       291.4566       291.2228       290.4487       289.8539       289.0608       288.4941    
 2173   287.9863       288.0902       288.8512       289.7341       290.7667       291.5616       291.6213       291.1442       290.5168       289.7367       289.1618       288.5341    
 2174   288.0030       288.1540       288.9549       289.8645       290.8047       291.4031       291.5220       291.2226       290.4644       289.8805       289.0797       288.4482    
 2175   287.9800       288.1631       288.8516       289.8155       290.6452       291.3352       291.5176       291.1307       290.5724       289.7322       289.1806       288.3418    
 2176   287.8578       287.9584       288.8782       289.7642       290.7522       291.4296       291.6014       291.1465       290.3214       289.8833       289.1252       288.4613    
 2177   287.8900       288.0811       288.9555       289.9015       290.7714       291.2838       291.3810       291.2031       290.4565       289.7670       289.0819       288.4655    
 2178   288.1861       288.2299       288.9193       289.6396       290.7130       291.2455       291.4339       291.0042       290.4193       289.8669       288.9206       288.4002    
 2179   287.9599       288.1288       288.7878       289.9065       290.8132       291.4189       291.3188       290.8319       290.3434       289.8491       289.1806       288.4837    
 2180   287.9023       288.0918       288.8588       289.7636       290.6474       291.1831       291.4655       291.3077       290.7769       290.1884       289.2323       288.7475    
 2181   288.0488       288.2523       289.0118       289.9087       290.8879       291.4415       291.5866       291.4258       290.6667       289.9082       289.3952       288.5757    
 2182   288.0345       288.3414       288.8579       290.0037       290.8324       291.4752       291.4761       291.5233       290.8034       290.1782       289.3375       288.6669    
 2183   288.2427       288.4634       289.0799       289.9708       291.0754       291.5714       291.6270       291.4035       290.8307       289.8847       289.2871       288.5121    
 2184   288.1903       288.3051       289.0919       289.9687       290.8716       291.6082       291.6398       291.4321       290.7089       289.9929       289.2783       288.5025    
 2185   288.1432       288.2617       288.9392       289.9602       290.8670       291.3135       291.5879       291.3520       290.6695       289.9367       289.1199       288.4143    
 2186   287.9216       288.1291       288.5946       289.7876       290.8019       291.3842       291.5638       291.3160       290.4873       289.9460       289.0850       288.4539    
 2187   287.9942       287.9424       288.8082       289.7592       290.5853       291.3397       291.3729       291.3699       290.5844       289.7455       289.0140       288.4093    
 2188   288.0927       288.1384       288.7357       289.6816       290.6630       291.2668       291.4135       291.3293       290.5808       289.8792       289.1148       288.4110    
 2189   288.0559       288.3454       288.8782       289.9068       290.7890       291.3551       291.3689       291.2115       290.5909       289.9016       289.0792       288.3872    
 2190   287.9772       288.2653       288.7707       289.9085       290.8131       291.4860       291.4643       291.1068       290.4155       289.9192       289.0899       288.4658    
 2191   287.8323       288.2208       288.5980       289.7813       290.8657       291.4740       291.6348       291.1474       290.5332       290.0959       289.1499       288.3726    
 2192   287.9472       287.8905       288.7023       289.5579       290.5768       291.2283       291.4222       291.0313       290.3143       289.6745       289.0291       288.2993    
 2193   287.9833       287.9910       288.7340       289.7705       290.5977       291.1873       291.4257       291.0963       290.5541       289.7096       288.9502       288.3202    
 2194   287.9925       288.1425       288.6744       289.6527       290.7207       291.3585       291.6302       291.2607       290.3540       289.7561       288.9427       288.4152    
 2195   287.9615       287.9679       288.9828       290.0149       290.6789       291.3013       291.5439       291.1994       290.6884       289.8756       289.0582       288.4302    
 2196   288.2622       288.3234       288.9643       289.8551       290.9412       291.4787       291.5466       291.2910       290.7454       289.8864       289.1980       288.3705    
 2197   288.1456       288.4637       288.8624       289.8304       290.7464       291.3984       291.6191       291.2822       290.6985       289.8352       289.1100       288.5052    
 2198   288.0499       288.1129       288.8062       289.6510       290.6956       291.2675       291.4963       291.1536       290.5664       289.7989       289.1658       288.5112    
 2199   287.9748       288.2196       288.8372       289.6942       290.6786       291.1619       291.4270       291.2127       290.2795       289.8687       289.0852       288.4338    
 2200   288.0230       288.4132       288.8021       289.6745       290.6053       291.2000       291.2738       291.0310       290.6566       290.0626       289.2476       288.4536    
