# using minimal fraction of valid points 30.00
# using only 5lan points from LS mask in CMIP5/monthly/lsmask_cmip3_144.nc
# tas [Celsius] from BNU-ESM model output prepared for CMIP5 RCP2.6 r1i1p1
# cutting out region lon=    0.000  360.000, lat=  -90.000   90.000
 1861  0.8599243       1.755951       3.292267       5.703766       8.909393       11.74680       13.02301       12.57443       10.88611       7.160614       4.450562       1.734558    
 1862  0.6206055      0.4646606       3.168610       6.126282       8.930054       11.65051       13.25037       13.07007       11.05243       7.938782       4.095337       2.654907    
 1863   1.606903      0.7917786       3.276093       5.633484       8.504791       11.82864       13.62350       13.25732       10.93192       7.785858       4.741272       2.731567    
 1864   2.097229       1.764954       4.181183       7.138123       9.985229       12.41367       14.15250       13.82117       11.22437       8.169250       4.081879       2.658051    
 1865   1.461121       1.079834       3.474335       5.950623       9.386444       12.21930       13.96066       13.10806       10.68896       7.527466       5.059387       1.881775    
 1866  0.7277832       1.313446       2.556458       5.726227       9.045593       11.84918       13.24384       13.03494       10.95236       7.943970       5.006714       2.754364    
 1867   1.426361       1.965576       3.371765       6.228912       9.493469       11.69684       13.04181       12.74432       11.01938       7.506470       4.120239       2.877441    
 1868   1.755798      0.7620850       2.865875       6.531982       9.810028       12.17804       13.43472       12.61823       10.60867       7.745544       4.777710       2.867828    
 1869   1.496857      0.7454529       3.162567       5.820435       9.228607       11.86719       13.06677       12.89001       11.00082       7.563049       3.838593       2.211914    
 1870   1.246002       1.860840       2.972809       6.071381       9.445160       12.21097       13.26895       13.22928       11.60641       7.908539       4.554718       1.694672    
 1871   1.048157       1.013641       3.521240       5.987854       9.328674       11.80896       13.38504       13.11371       11.42322       7.896759       4.812134       2.798676    
 1872   1.191315       1.337006       3.740295       5.981171       9.114410       11.75861       13.30618       13.45737       10.99753       7.929474       4.263489       2.380798    
 1873  0.9447327       1.842255       3.772125       6.489197       9.689484       12.36752       13.85306       13.76660       11.38019       7.692535       4.739166       2.178192    
 1874   1.618591       2.265411       3.836212       6.233826       9.450745       12.04834       13.57144       13.36649       11.05728       7.985992       4.683258       3.413300    
 1875   1.357178       1.862579       4.470490       6.869720       9.653595       13.09174       14.47928       14.06741       11.33188       8.358093       4.536865       3.082672    
 1876   2.119781      0.9790955       3.199493       5.770996       9.211151       12.47824       13.94415       13.42798       11.40448       8.069489       4.231476       2.685028    
 1877   2.125549       2.179138       3.619354       5.937836       9.404327       12.28076       13.60809       12.95901       10.96109       8.564575       4.754364       2.872131    
 1878   2.161896       2.842316       3.771942       6.729523       9.869446       12.00708       13.26520       13.16510       11.20670       7.600555       4.365570       1.446869    
 1879   1.509094       1.281830       3.380463       5.801910       9.037506       12.11084       13.47339       12.48676       10.62143       7.980286       5.157257       2.309784    
 1880   1.674072       2.606659       4.005798       6.501465       9.674164       11.59848       13.10727       12.81232       10.93683       7.808380       4.156403       1.650238    
 1881   1.494659       1.047058       2.551178       6.149017       8.979431       12.24567       13.89810       13.47375       11.45776       7.578705       5.733124       2.982391    
 1882   2.295807       2.673462       4.028229       6.822693       9.931946       12.30234       13.10419       13.06516       10.88586       7.687103       4.504089       3.312195    
 1883   2.101593       1.399658       2.956512       6.352570       9.610992       12.19049       13.22562       13.09641       11.24237       7.690582       3.640717       1.993317    
 1884   1.458832       1.572845       3.766296       5.628632       8.471558       10.77628       12.35358       12.50848       10.38550       7.180267       3.428650       1.455933    
 1885  0.9379578       1.111633       2.797363       5.907043       8.864471       10.84134       12.43970       12.42642       10.77777       7.545105       4.865051       2.475342    
 1886  0.7298889       1.915192       2.964691       5.556549       9.172516       11.55948       12.73853       12.35187       11.10056       7.420868       4.255981       1.727997    
 1887   1.303680       1.781433       3.395966       5.879791       8.914673       11.73395       13.56036       13.08270       11.11902       8.008514       4.695679       1.894318    
 1888   1.809601      0.7744751       3.465729       6.141876       9.661041       12.25510       12.96268       13.02420       10.54327       8.347412       4.706329       2.541840    
 1889   1.117645      0.3829346       2.281952       5.461914       9.197662       12.05966       12.77853       12.87872       10.98746       7.682404       4.838562       2.951294    
 1890   2.258484       2.695435       4.161621       6.389740       9.307281       11.24585       12.69113       12.25275       10.15109       7.037445       3.143250       1.726410    
 1891   1.289368     -0.1555786       2.469421       5.451752       8.304260       10.55872       11.96228       12.15591       10.51740       7.346130       4.257324       1.393677    
 1892  0.2880554       1.790924       2.911743       5.448120       8.686737       11.69803       13.05707       12.77921       10.28699       7.576965       3.931061       2.304230    
 1893  0.6532593       1.857513       3.435028       5.960785       9.195557       11.99652       13.57446       12.72693       10.90894       7.153198       4.001312       2.578339    
 1894   1.055054       1.695099       3.123291       5.978516       9.011047       12.06863       13.68710       13.03177       11.23184       8.071014       4.583374       2.034271    
 1895   1.724426       1.701447       3.078705       5.974854       9.295197       11.81421       13.19058       13.21893       10.88708       7.504059       4.535706       2.447205    
 1896   1.163940      0.9446106       3.093658       5.864227       9.130188       12.10403       13.29932       12.75415       11.32028       7.917633       5.092377       3.079681    
 1897   1.808350       1.360077       4.064178       6.252197       9.639008       12.00961       13.62515       13.14307       11.29147       8.001862       4.077393       2.565155    
 1898   1.372925       2.044128       3.679352       6.427002       9.265411       11.77814       13.29004       12.86630       10.66449       7.959137       4.432922       2.213409    
 1899  0.6584473       1.282684       3.543762       5.970184       9.067535       12.32904       13.89731       13.70932       10.93011       7.550354       4.754639       3.200989    
 1900   2.457855       2.088806       4.362061       6.429443       9.418793       12.10019       13.27219       12.94464       10.87894       7.865295       5.028564       2.441589    
 1901  0.7425232       1.028015       2.963196       6.242737       9.515228       12.02994       13.73807       13.65674       11.24500       7.846527       4.507813       2.557953    
 1902   1.402039       1.737549       3.314087       6.276886       9.559021       11.87064       12.88565       13.29346       11.27368       7.431488       5.446594       2.253693    
 1903  0.8487244      0.6437073       2.957123       6.067902       8.806274       11.27301       12.60437       12.72452       11.00269       7.258484       4.377014       1.725555    
 1904  0.3621826      0.9205017       3.306671       5.775085       8.722015       12.13022       13.04489       12.54352       10.66168       7.624390       4.190369       2.148895    
 1905   1.141174       2.393433       4.455566       5.864197       9.387238       11.79144       12.86710       12.77762       10.99054       7.753571       4.262085       1.035004    
 1906  0.2688599E-01   1.772858       3.736084       5.707031       8.496246       11.35205       12.90881       12.63120       10.92371       7.636017       4.175903       1.905151    
 1907   1.228058       1.408417       3.571411       5.916687       9.783020       11.78107       12.82507       12.50165       10.82489       7.576782       4.411560       1.310547    
 1908   1.010315       1.564240       3.220490       5.845978       9.476563       11.90829       13.37799       12.50580       11.26382       8.097290       4.318054       2.643066    
 1909   2.908661       1.426758       3.478729       6.577789       9.289978       11.86798       13.50214       13.06741       11.09293       8.170654       4.004303       1.991699    
 1910   1.626160       2.482208       3.228455       5.921814       9.264282       11.92621       13.36029       12.87283       10.82724       7.506958       4.913147       2.568268    
 1911   1.215057       1.560394       3.905304       5.730621       8.906189       11.39490       13.64859       13.13113       11.10880       7.674866       4.747742       2.618317    
 1912  0.9682617       1.353302       3.676208       5.970123       9.124603       11.75900       12.97614       12.63422       10.41995       7.377228       4.248657       2.629059    
 1913  0.8561401      0.9918518       2.810822       5.732666       8.724426       12.06363       13.48410       12.69882       11.05609       7.978516       4.256439       2.374390    
 1914   1.255646       1.170776       3.384216       6.230804       9.710785       12.22668       13.69873       13.05762       11.59003       7.982178       4.478516       2.761749    
 1915   1.185425       1.669250       4.233490       6.526611       9.959045       11.82932       13.32129       13.00989       10.85217       7.707458       4.757385       2.209320    
 1916   1.220062       1.873383       3.947876       6.793274       10.08997       12.20993       13.29376       13.31952       10.92264       8.202209       4.940796       2.751801    
 1917  0.9214478      0.8219910       3.336090       6.398346       9.354126       12.01569       13.55695       13.17050       11.23901       8.535767       4.501160       2.900421    
 1918   1.510986       1.249969       3.179810       6.706848       9.759277       12.18439       13.61453       13.46191       11.35309       8.442627       4.857239       2.547302    
 1919   2.084564       1.558319       4.230316       6.350952       9.575745       12.49036       13.29663       13.16641       11.41946       8.115143       4.916077       3.032013    
 1920   2.630951       2.096466       4.587830       6.907440       9.827484       12.15442       13.46649       13.34070       11.41888       8.211914       5.335052       2.712158    
 1921   1.962036       1.111053       3.662933       6.492493       9.748810       11.99374       13.34915       13.33771       11.51862       7.471649       5.079803       3.549866    
 1922   2.140320       2.478363       4.522797       6.523163       9.799011       12.42422       13.63406       13.34891       11.33585       8.082703       4.477692       2.483765    
 1923   1.825775       2.315857       3.289886       6.604767       9.373383       12.28070       13.98792       13.28723       11.62433       8.734192       4.568756       3.224030    
 1924   2.359497       2.021149       4.359314       6.954529       10.03085       12.05396       13.19461       13.06042       11.28268       7.515961       3.983246       2.630920    
 1925   1.212372       1.660339       2.951935       5.816650       8.871765       11.80527       13.02499       12.50552       10.54901       7.505035       4.867157       2.400452    
 1926   1.174103       1.505219       3.313873       6.100311       9.179474       11.69403       12.91550       12.81662       11.23825       8.103851       4.746765       2.869537    
 1927   1.519379       1.779999       3.782227       6.419769       9.711243       11.96152       13.46686       12.95441       10.95419       8.123993       5.242523       2.603607    
 1928   1.869171       1.976959       3.010620       6.713623       9.549896       12.06335       13.66434       13.58023       11.07733       8.051666       5.410034       2.767700    
 1929   1.995880      0.9377441       3.836273       6.855988       9.864655       12.47141       13.79556       12.94525       10.94458       8.227966       4.510071       2.808167    
 1930   1.253021       1.486176       3.713440       6.298126       9.361237       11.76801       13.13815       12.87778       11.04425       7.583923       3.929108       1.904877    
 1931   2.284454       2.467621       3.569794       6.372040       9.795868       12.57312       13.67038       13.10538       11.36493       8.104431       5.086060       2.690216    
 1932   1.188171       1.289001       3.097961       6.282776       9.794159       12.29919       13.40527       12.91260       11.09537       8.039917       4.909698       3.316986    
 1933   1.984924       1.670624       3.621918       5.664429       8.971924       11.85715       13.68018       12.74280       11.20166       7.663330       4.378357       2.789398    
 1934  0.6162415       1.665955       3.546844       5.976166       9.032166       11.37045       13.23035       12.40305       10.68359       7.823853       4.680237       1.693970    
 1935   1.174988       2.495789       3.380005       6.365601       9.810730       12.01108       13.54074       13.19485       11.09525       8.062378       5.381561       3.239807    
 1936   1.406891       2.251007       3.627716       6.399414       9.382965       12.41599       13.57025       13.22531       11.27979       8.405792       5.461639       2.684326    
 1937   2.153320       2.307404       4.384949       7.143799       9.975739       12.01337       13.33038       12.71985       11.08932       7.973267       4.463898       3.552124    
 1938   1.838715       2.279175       4.111511       6.398743       9.472687       12.36487       13.53098       13.35999       11.22845       8.075928       5.470673       3.473480    
 1939   1.679474       2.624084       3.644958       6.633118       9.974121       12.47058       13.67865       13.30945       11.17029       8.157898       5.325806       3.203369    
 1940   1.924103       1.141724       3.248077       6.346771       9.513947       12.42773       13.66931       13.50882       11.09497       7.910889       4.297852       2.492889    
 1941   1.105255       1.239929       3.914246       6.136108       9.403076       12.06357       13.43030       13.41052       11.26886       7.710327       4.334961       2.872711    
 1942   2.196472       1.584412       3.667908       6.532074       9.942596       12.14651       13.69562       13.33499       11.37601       8.405212       4.936401       3.332733    
 1943   2.518127       1.981354       3.708862       5.981720       9.542145       12.64880       13.58005       13.39178       11.42709       8.608643       5.353973       2.912689    
 1944   2.108765       2.374939       4.181885       6.783295       9.758514       12.54263       13.80505       13.62680       11.35913       8.755493       5.208313       3.047333    
 1945   2.152557       2.566315       3.468658       6.297119       10.08322       12.89154       13.91650       13.61295       11.39288       8.437469       4.902283       3.131073    
 1946   1.933868       1.569763       3.633179       6.544556       9.914520       12.69031       13.99121       13.70004       11.39059       8.508850       5.352448       3.671631    
 1947   2.027008       2.685333       3.467590       6.355042       9.894135       12.39093       13.65976       13.64493       11.21176       8.561859       5.831268       4.145599    
 1948   2.572662       3.197296       4.158417       6.945862       9.919891       12.39911       14.38995       13.62103       11.39612       8.032623       4.884369       2.995087    
 1949   1.235657       2.292297       4.027954       6.262634       8.992126       12.11224       13.26535       13.35165       10.86395       8.427063       4.118774       2.429688    
 1950   1.539307       1.369141       2.943085       6.061432       9.634247       11.81387       13.15009       12.75531       11.08890       8.031708       5.395050       3.208282    
 1951   2.729004       2.128845       3.462006       6.603943       9.699738       12.28223       13.73380       13.65411       11.57330       7.890106       4.631683       3.897156    
 1952   2.151825       2.668549       3.569031       6.672943       9.796844       12.32114       13.56717       13.38110       11.16760       8.763519       5.291687       3.678406    
 1953   2.430420       2.240723       3.961700       6.570313       9.671631       12.26260       13.88168       13.08047       11.06094       8.274292       4.629822       3.159576    
 1954   1.746643       1.015533       3.742401       6.234802       9.968811       12.24271       13.66046       13.79068       11.83182       8.873993       5.335846       4.361359    
 1955   2.149414       2.608704       4.369507       6.595520       10.15262       12.63211       14.01324       13.51624       11.58118       8.472076       5.165131       2.922852    
 1956   1.752686       1.493805       3.360840       6.885773       9.646362       12.35452       13.72275       13.23203       11.46622       7.972809       4.892334       2.909943    
 1957   2.175812       2.304321       4.638062       7.405396       10.11456       13.04071       14.24283       13.60068       11.29868       8.799866       5.961578       4.112976    
 1958   2.319489       2.571930       4.297211       6.518555       9.684753       12.52719       13.44669       13.40604       11.26495       7.920776       4.779999       2.237274    
 1959   1.712952       2.655365       3.607300       6.587830       9.367126       11.93576       13.33698       13.16711       11.44495       8.177856       4.785645       2.501617    
 1960   2.365997       2.583954       4.756226       6.719666       10.29370       12.56741       13.90515       13.19583       11.13187       7.926392       5.527100       2.632416    
 1961   1.502716       1.407715       2.310150       6.201324       9.758850       12.24579       13.34091       12.68802       10.85193       8.159546       5.131775       2.202118    
 1962   1.436798       3.615173       4.772949       7.301819       9.903687       12.33459       13.62018       13.44577       11.52893       8.299011       5.384521       3.226257    
 1963   2.368652       2.267548       4.081299       6.451996       10.07941       11.96075       13.39905       12.94501       11.03613       8.119476       4.730957       2.695038    
 1964  0.7652893      0.9126587       3.190491       6.514130       9.306732       12.09552       13.89569       13.61224       11.54581       8.211456       5.176422       3.566986    
 1965   1.879272       2.216187       4.025360       6.862091       10.04822       12.41608       13.50720       13.10095       10.80124       7.983978       4.354858       3.241791    
 1966   1.834442       2.374268       3.412354       6.547760       9.372894       12.19855       13.36322       13.36703       11.39490       8.263184       5.421295       2.642029    
 1967   2.737610       2.368011       4.024475       6.773499       9.678406       12.22153       13.68091       13.28439       11.07385       8.137177       5.129028       3.438263    
 1968   1.251862       1.910675       2.889557       6.499359       9.704742       12.42502       13.95352       13.72433       11.78348       8.634399       5.955078       3.318115    
 1969   2.018951       2.790070       3.341797       5.679047       9.149536       12.14075       13.50168       12.94174       11.21207       8.125854       5.639893       3.024139    
 1970   1.185120       2.860809       3.784332       6.407715       9.185425       11.76535       13.64197       12.84714       11.23080       8.140106       4.822815       2.032379    
 1971   1.334015       2.119965       3.710205       6.517365       9.853149       12.22116       13.98621       13.67224       11.27869       8.306702       5.404785       3.518951    
 1972   1.973358       3.005920       4.315033       7.298248       10.34906       12.91891       14.56454       13.66580       11.60370       8.131592       5.497528       2.851227    
 1973   1.626434       2.432861       3.910126       6.729126       9.437469       12.67859       13.95309       13.84778       11.78650       8.624084       5.519623       2.726440    
 1974   2.171082       2.667694       4.067139       6.815918       9.699615       12.56885       14.53122       14.10608       11.70255       8.288300       5.693970       3.838409    
 1975   2.768799       2.150513       4.390289       7.179321       9.946594       12.62946       14.15479       13.67630       11.56613       8.395874       6.026398       2.447662    
 1976   1.993591       1.773407       4.304962       7.007050       9.485992       12.13062       14.24344       13.53012       11.71848       8.522522       5.037720       3.184265    
 1977   2.032257       1.771545       4.236725       7.141754       10.21957       12.86258       13.91141       13.97015       11.88852       8.833160       6.117310       2.964752    
 1978   2.942047       2.956512       4.220306       7.103241       9.990601       12.79840       14.15244       13.78442       11.35269       8.801788       5.660736       4.011932    
 1979   2.415009       2.456604       3.783875       6.738861       10.00186       12.31281       14.26633       14.05859       11.80734       8.763489       5.036072       3.313354    
 1980   2.063995       2.062683       4.381042       6.340515       10.00751       12.87363       13.96579       14.14185       11.53735       8.513733       5.813141       4.536713    
 1981   3.232208       4.087555       4.331757       7.335297       10.30984       12.86609       14.19263       13.64172       11.85724       8.738007       5.945526       3.646484    
 1982   2.399170       2.959656       3.850403       7.170197       9.642456       12.91168       14.20447       13.69009       11.70615       8.563782       5.348755       3.543060    
 1983   3.145386       3.107666       3.977295       7.207764       10.03223       12.32083       13.74649       13.51926       11.53204       8.687897       5.226624       2.484955    
 1984   2.248352       2.681488       4.201935       7.325531       10.08713       12.66025       14.07117       14.21570       11.91501       8.347046       5.601074       3.319336    
 1985   2.133789       2.884918       4.649963       7.005554       10.32379       12.93439       14.10864       14.07770       12.23315       8.858032       5.604156       4.158234    
 1986   2.396301       2.932526       4.719147       7.563141       10.30600       13.37509       14.54492       14.09119       11.55380       8.347473       5.920074       4.440094    
 1987   2.916931       3.635254       4.657318       7.417328       10.12964       12.97864       14.75659       13.85861       12.12585       8.803467       6.097229       3.453033    
 1988   1.866669       4.071960       5.023315       7.257660       10.57697       12.69452       13.99026       14.12619       11.64926       8.873077       5.412140       2.607330    
 1989   1.341553       2.159363       4.656982       7.108063       10.61444       12.83014       14.45328       14.50397       11.88910       9.369171       6.665863       3.247498    
 1990   3.171936       2.857086       3.990417       7.047668       10.26395       13.45819       14.60577       13.99631       11.83640       9.148132       5.911987       3.305634    
 1991   2.658722       3.167999       4.018677       7.215820       10.17007       13.00684       14.33029       14.37494       11.69144       8.650726       5.586670       4.174225    
 1992   2.263184       2.778748       4.824066       6.283051       9.879242       12.34766       13.86090       13.44171       11.70047       8.466003       5.400574       3.119781    
 1993   2.991211       2.231506       3.449249       7.181274       9.751495       12.96603       14.32385       13.83759       11.55038       8.499969       5.094604       3.701355    
 1994   2.319641       2.175903       4.473358       7.630676       10.43610       12.60291       14.51596       14.00308       12.04590       8.754395       5.313141       3.478027    
 1995   2.752319       2.382629       4.500885       7.144501       10.30731       13.24622       14.72498       14.40555       12.13937       9.155304       6.391296       4.092712    
 1996   3.601532       2.922974       5.331543       7.120148       10.33167       13.32098       14.65726       14.39090       12.38754       10.06909       6.628784       4.396484    
 1997   2.857483       3.524780       5.017639       7.742279       10.85645       13.29535       14.62256       14.63416       12.44513       9.135590       5.985535       4.164063    
 1998   3.019623       2.329193       3.686310       7.479797       10.46402       13.42514       14.97693       14.50671       12.11853       9.242462       5.768005       2.897430    
 1999   1.592438       2.658630       4.450592       7.335785       10.96884       13.65030       15.39630       14.59558       12.78052       10.12216       6.347046       4.738464    
 2000   3.548004       4.117859       5.303345       7.615173       10.78378       13.82080       15.38757       15.26437       13.02374       9.791748       6.012878       4.498413    
 2001   3.357544       3.220856       4.387115       7.943817       11.08221       13.75827       14.46890       14.56760       12.42880       9.219940       6.028107       4.089417    
 2002   4.099274       2.705231       4.417755       7.393066       10.69272       13.82175       15.41446       14.96179       12.51657       9.176971       6.545319       5.014954    
 2003   3.490143       3.840393       4.042419       7.893616       11.20413       13.74637       15.23792       15.10031       13.09903       9.702759       6.741364       4.890625    
 2004   3.221680       3.445374       5.081665       7.689148       11.06265       14.14816       15.25995       14.68588       12.43597       9.588593       5.756470       4.050049    
 2005   2.016663       3.464874       4.795288       7.334900       10.29468       13.62775       14.99664       15.03101       12.76929       9.576599       7.321167       4.589142    
 2006   3.932251       4.023956       4.953003       8.376190       11.30911       14.34451       15.39081       15.00525       12.94440       10.08044       6.863098       4.720367    
 2007   3.967712       4.272278       5.105499       8.192200       11.17371       14.00412       15.70703       15.41620       13.01639       10.37326       6.536957       5.430206    
 2008   4.219818       4.420441       5.217773       8.061707       11.06174       14.33875       15.21512       14.89157       12.56766       9.778046       7.049561       4.651306    
 2009   3.762085       3.991211       5.262054       8.251709       10.80252       14.03491       15.43695       15.23166       13.06195       9.575165       6.952362       4.943634    
 2010   2.840149       3.009033       4.315277       7.260040       9.986298       12.71317       14.79114       14.78516       12.79333       9.457733       6.638367       4.013733    
 2011   2.065491       2.204742       4.723267       8.058594       11.24344       13.98291       15.45993       14.97379       13.26633       9.863892       6.538635       4.509918    
 2012   4.223206       4.454865       4.957062       7.835785       10.91180       13.88223       15.97940       15.39841       13.38062       10.20651       6.792786       4.665192    
 2013   3.497589       3.486176       5.599487       7.607452       11.05856       14.42886       15.91547       15.32742       13.01584       10.17859       6.888092       4.888763    
 2014   3.783661       3.378662       5.269318       8.443420       11.43964       14.39056       15.52835       15.31937       13.39597       10.00961       6.821350       5.009216    
 2015   4.069519       3.502045       5.870728       8.121735       11.30533       14.32895       16.29544       15.40421       12.97678       10.09308       7.291992       5.079712    
 2016   4.154907       3.841339       5.407288       8.794525       11.12943       14.37534       15.84344       15.58929       13.68570       10.47971       7.350800       4.995056    
 2017   2.250488       2.039825       5.094696       7.822174       10.96527       14.40985       15.64920       15.13086       13.23001       10.20596       6.846497       4.892334    
 2018   3.900421       4.479248       5.995575       8.792542       11.57388       15.12320       16.13647       15.43829       12.99060       10.05441       7.332123       5.239410    
 2019   3.573792       3.340698       4.689606       8.493927       11.96362       14.74219       16.11517       15.39151       12.95358       9.651520       6.337708       3.970917    
 2020   2.913971       3.805237       4.768372       8.281769       11.07513       13.71182       15.69092       15.26865       13.10471       9.834106       6.882996       5.033752    
 2021   3.641571       3.344116       5.789063       8.363007       11.51541       14.15482       16.11777       16.19000       13.86105       10.28491       7.377625       5.043396    
 2022   3.903931       4.357422       5.072388       7.508301       11.43930       14.42661       16.07690       15.44290       13.40079       10.75354       7.590851       5.962830    
 2023   4.301788       4.147369       5.902771       9.202850       11.13290       14.52634       16.37241       15.55402       13.47647       10.52509       7.628906       4.282623    
 2024   3.349976       4.140137       5.412170       8.737732       12.10727       14.79987       15.81116       15.54117       13.53644       10.59760       7.233032       4.991699    
 2025   4.359985       3.996796       5.996277       8.551697       11.66537       14.55988       15.67993       15.59286       13.47018       10.50650       7.261292       5.509613    
 2026   4.966492       4.219055       5.138397       7.924530       11.22357       14.42773       16.24799       15.45557       13.36258       10.59766       7.376862       4.890808    
 2027   4.296204       4.539703       6.414215       8.787354       11.70355       14.76459       15.92361       15.60687       13.71796       10.37704       7.333954       5.575439    
 2028   3.684265       3.760315       5.886353       8.723877       11.37173       14.22018       15.68292       15.03522       12.83841       10.29483       6.577637       4.573700    
 2029   4.065918       3.317474       5.274536       8.208252       11.63272       14.91251       16.33313       15.43469       13.41623       10.40445       6.980286       4.919800    
 2030   3.490967       3.501068       4.947510       8.653503       11.66217       14.85449       16.42331       15.53693       13.21207       10.67145       6.890289       5.883759    
 2031   4.375275       4.301178       5.192200       8.311859       11.63245       14.66678       16.42181       15.60913       13.76718       10.72009       6.712830       5.725037    
 2032   3.734802       3.277832       6.101654       8.555878       11.78375       14.89413       16.50208       16.09036       13.39841       10.66638       8.202545       6.755371    
 2033   5.108307       4.790955       6.099609       8.484589       11.92764       14.88440       16.38138       16.24963       13.70822       10.79260       7.757660       5.381226    
 2034   4.198883       4.709198       6.630066       9.067810       11.65839       14.41492       16.12238       15.75116       13.49905       10.20770       7.141602       4.993073    
 2035   3.107697       3.316833       5.271484       8.075012       11.61749       14.04703       16.51605       15.93192       14.02203       10.85092       7.214020       5.395294    
 2036   5.276917       4.704712       4.947968       8.636292       12.06317       15.05313       16.60529       15.57666       13.43570       10.58212       8.158142       5.708923    
 2037   5.138580       4.624359       6.425934       8.650299       12.15216       15.38623       16.67630       15.97903       14.02441       11.02231       7.847870       5.549164    
 2038   3.894745       3.797913       6.059845       8.553375       11.46210       14.72867       16.54828       16.25546       14.57166       10.90808       7.378357       5.122925    
 2039   5.362701       4.759705       5.614105       8.660614       12.03967       15.06693       16.57434       15.72598       13.70349       10.98978       8.405121       5.795563    
 2040   4.398346       3.711456       5.938599       8.459106       11.82840       14.35898       16.17392       15.57742       13.70956       11.02957       7.278320       5.525848    
 2041   3.812744       2.697845       4.931671       8.833038       11.63333       14.34521       16.14554       16.11169       13.52832       10.08453       7.336700       5.251556    
 2042   4.179688       3.563232       5.220520       8.196655       11.85922       14.82852       16.65170       15.66565       13.61758       11.22336       8.083649       6.128906    
 2043   4.892914       4.007263       6.279724       8.480408       11.91473       15.14795       16.53763       16.10114       13.57184       10.72018       6.968536       5.824799    
 2044   4.752289       3.797394       5.657501       9.043915       12.12335       15.01770       16.24280       15.87827       13.80191       11.26593       8.341858       6.003723    
 2045   4.685699       5.574402       6.806213       9.371521       12.38602       15.36176       17.06784       16.01355       13.97174       10.78702       7.779846       5.230530    
 2046   4.604675       4.497955       6.523865       9.504517       12.19571       15.07120       16.35794       15.59589       13.74335       10.55109       8.049591       4.873413    
 2047   4.008026       3.478577       5.426941       8.235992       11.71222       14.32043       16.34131       15.70081       13.43240       10.50781       7.455505       4.395477    
 2048   2.175049       4.431396       5.769897       8.388367       11.29922       14.32013       16.15897       15.80573       13.61197       10.99164       7.142242       4.333893    
 2049   3.281921       3.663605       5.619629       8.777618       11.73315       14.54715       16.45148       16.05688       13.84326       10.88147       8.126312       6.164185    
 2050   4.222321       5.504303       6.760956       9.385773       12.01382       15.36365       16.76590       16.30841       13.82660       10.69037       7.011383       5.504333    
 2051   4.242981       3.978027       5.593903       8.903442       12.32953       15.23981       16.50839       16.03613       14.02390       10.99734       7.488068       4.936768    
 2052   2.436249       2.782410       4.481995       8.606995       12.06058       14.46616       15.98535       15.61703       13.40994       10.83490       7.612274       4.799469    
 2053   3.850403       4.263733       6.407104       8.736145       11.59430       14.48984       16.55023       15.61374       13.65909       10.46439       7.932434       6.159271    
 2054   4.631012       5.036621       6.627045       8.927429       11.94339       14.70367       16.56952       15.95694       13.77139       10.49182       7.825836       4.664734    
 2055   4.494720       5.020416       6.245697       8.331573       12.16016       14.73654       16.14243       15.97189       14.09097       10.41129       7.188934       5.704163    
 2056   4.473694       3.985016       5.804199       8.384308       11.59500       14.94061       16.25381       16.04919       13.63058       11.00336       8.051361       5.282928    
 2057   4.071381       3.041840       6.444092       8.649536       11.81302       14.13495       16.02631       16.00903       13.26721       10.61646       7.015686       5.045013    
 2058   4.451660       3.969055       6.086151       8.503326       11.63101       14.87897       16.55930       15.51184       13.70737       11.17960       8.115784       6.157623    
 2059   4.801758       5.786926       6.938751       9.325928       12.32700       15.64832       16.70837       16.21402       13.92712       11.16492       7.534607       5.314514    
 2060   3.845764       2.828888       5.116516       7.994965       11.30972       14.45154       16.03635       15.88492       13.58835       10.73822       7.942993       5.502960    
 2061   5.083588       4.646240       6.322479       8.780151       11.90985       14.48233       16.31244       15.30389       13.42755       10.49930       6.728668       4.855835    
 2062   4.429901       4.864044       5.891083       8.145355       11.26294       14.07846       16.07321       15.83521       13.73657       10.76584       8.334442       6.377625    
 2063   3.839569       4.295258       5.968506       8.813141       12.19775       15.50159       16.59613       15.80029       14.10770       10.71066       8.021088       5.648529    
 2064   4.222717       4.726501       5.749603       8.492615       12.01932       14.90839       16.31540       16.20544       13.80072       10.47461       7.955200       5.893524    
 2065   4.107605       3.961914       6.089905       8.708710       11.53104       14.33331       16.35739       15.65433       13.68298       10.22626       6.968689       5.134460    
 2066   4.256927       3.397247       5.678894       8.063080       11.38275       14.39664       16.19617       15.41171       13.65619       10.59451       7.707214       5.604187    
 2067   4.865662       4.726898       6.897797       8.994141       11.88980       15.19861       16.25995       15.77603       13.62070       10.55896       7.576080       5.844666    
 2068   5.057678       4.620880       5.552979       8.799133       12.09030       14.32690       16.27997       15.53305       13.87085       10.83691       7.526642       5.969238    
 2069   4.558929       3.693390       5.611877       9.097015       12.24838       14.72235       16.44217       15.51834       13.78461       10.41794       7.431122       5.408783    
 2070   3.913757       4.314423       6.050171       8.217834       11.39786       14.84586       16.73077       15.94946       14.00168       10.59134       7.857086       6.165771    
 2071   4.920990       4.706482       6.411560       8.734131       11.68729       14.64377       16.40512       15.84436       13.78571       10.57394       7.018433       5.124969    
 2072   3.265045       3.082092       6.197632       8.321045       11.57202       14.47787       16.07724       15.62653       13.10855       10.80832       7.101227       5.260132    
 2073   4.362457       4.037781       5.815338       8.573273       11.34195       14.42447       16.17050       15.84167       13.33920       10.76248       7.524445       5.686035    
 2074   4.451080       4.576691       5.948395       8.325653       11.20007       14.19281       16.56149       15.40134       13.95789       10.78952       7.415985       5.542328    
 2075   4.186584       4.222778       6.489319       9.308380       12.35019       15.11777       16.96323       16.20163       13.69550       10.79285       8.357788       6.282990    
 2076   4.387451       5.471191       6.733398       8.932007       11.95673       14.69821       16.35651       15.67419       13.71481       11.12347       8.167236       5.007538    
 2077   3.077637       3.209656       5.738525       8.493073       12.03879       14.31665       16.19647       15.64911       13.53961       10.07428       7.403412       5.055817    
 2078   3.983673       3.881744       5.159271       8.467285       11.04254       14.45212       15.99380       15.79999       13.75308       10.31357       7.307495       5.505127    
 2079   4.051422       3.723633       5.410858       8.503296       11.60876       14.81140       15.92053       15.53323       13.60162       10.16953       7.637146       4.600098    
 2080   3.312653       4.209869       5.059784       7.886353       11.43668       13.75928       15.75784       15.72800       13.69659       10.88416       7.594788       5.273254    
 2081   4.222198       4.370819       6.590393       8.646759       11.84912       14.90027       16.42108       15.56699       13.59534       10.50317       7.495697       5.529663    
 2082   3.705566       3.881195       5.106842       8.513550       11.30496       13.93756       16.12384       15.60623       13.66513       10.28592       6.636414       4.714508    
 2083   4.512146       4.371033       6.075653       8.794342       12.82339       15.15735       16.34384       15.57837       14.06375       10.78397       8.070831       5.154907    
 2084   4.618561       4.343628       5.430756       8.806061       11.89359       14.15961       16.08823       15.90134       13.48547       10.80289       7.573395       4.598572    
 2085   3.288910       3.491058       5.701630       8.798309       11.74078       14.42014       16.33197       15.36572       13.31119       10.82883       7.080994       5.884460    
 2086   4.313019       4.016205       6.019958       8.663940       11.56644       14.84445       16.34683       15.62564       13.31293       10.19678       7.801239       5.975464    
 2087   5.383423       4.389709       6.443481       8.737793       12.02698       15.22211       17.09973       16.07385       13.96686       11.09595       8.074219       5.803986    
 2088   4.047913       4.082458       6.215942       8.713837       11.49857       14.34018       15.99225       15.57834       13.36609       10.21460       7.733185       5.802826    
 2089   2.383240       2.421631       5.806152       8.216766       11.58813       14.78064       16.20233       15.72473       13.27307       10.50381       7.881531       5.598969    
 2090   4.382324       4.136871       4.949127       8.446747       11.54382       15.01474       16.62604       16.21896       13.89926       10.09723       7.727020       5.385864    
 2091   4.692017       3.946564       4.848145       8.323578       11.41217       14.53815       16.27426       16.05371       13.52219       10.08575       7.673859       4.803070    
 2092   4.498505       3.890137       5.760651       8.325104       11.33340       14.31705       16.45987       15.84406       13.13281       10.31177       7.854492       5.785431    
 2093   4.505371       5.030457       6.767578       9.005920       12.23822       15.16083       16.35229       15.74017       13.41306       10.64688       7.707916       5.919312    
 2094   3.670563       4.089600       6.471313       8.769379       11.56274       15.12961       16.14468       15.86743       13.79745       11.18475       8.058960       5.419830    
 2095   5.230255       4.652405       5.919586       8.366241       11.77097       14.77667       15.89175       15.25677       13.33356       10.26074       7.292206       5.107239    
 2096   4.645050       3.681610       6.151215       8.527374       11.63300       14.64429       16.14063       15.68625       13.47775       10.77579       8.200623       6.002045    
 2097   5.520172       4.446686       6.574005       9.308777       12.05530       15.41428       17.04773       15.86008       13.70166       11.48724       8.143311       5.460541    
 2098   4.624420       4.323914       6.014130       8.554016       11.76019       15.09937       16.34506       15.86255       13.78796       11.16187       7.775604       5.291016    
 2099   4.633118       4.824768       5.758362       8.522339       11.44208       14.78159       16.12976       15.88394       13.93143       10.98938       7.742523       5.702637    
 2100   3.885712       5.516663       6.693817       8.667114       11.84918       14.85019       16.52856       15.95215       13.82761       11.09338       8.192383       6.175293    
