# using minimal fraction of valid points 30.00
# using only 5lan points from LS mask in CMIP5/monthly/lsmask_cmip3_144.nc
# tas [Celsius] from NOAA GFDL GFDL-ESM2M, RCP6 (run 1) experiment output for CMIP5 AR5 r1i1p1
# cutting out region lon=    0.000  360.000, lat=  -90.000   90.000
 1861   1.806000       2.781372       5.157501       7.278992       10.19968       12.76135       13.93890       13.16922       10.84863       8.230499       5.364990       3.334869    
 1862   2.603241       3.256592       5.060974       7.600128       10.10312       12.82169       14.04242       13.29944       11.17667       8.729828       4.999634       3.318665    
 1863   2.588715       3.564362       5.905060       8.142517       10.77359       12.90457       13.95798       13.60080       11.20807       8.048553       4.949554       2.687195    
 1864   2.315002       2.931885       4.751251       7.619843       10.19025       12.25873       13.89114       12.81064       11.17493       8.249207       5.153015       3.067810    
 1865   2.508667       3.057861       5.023468       8.166107       10.35202       12.69260       14.20459       13.15625       11.00003       8.151093       4.747345       3.451172    
 1866   2.945343       3.580872       5.764923       8.256439       10.56439       13.01385       14.01727       13.45181       11.33957       8.248474       5.406647       3.168640    
 1867   2.742279       3.049286       5.567627       8.398163       10.91733       13.54382       14.19034       13.19882       11.25839       8.248383       5.125702       2.799530    
 1868   2.038940       2.659485       5.552155       7.630249       10.08920       12.74042       14.07336       13.30728       11.33282       8.131927       5.468811       2.775269    
 1869   2.833466       3.849274       5.026398       7.798798       10.71854       13.15384       13.78772       13.64230       11.48248       9.112823       5.552551       3.026642    
 1870   3.076172       3.062683       4.958984       7.702423       10.27390       12.97595       14.26453       13.61688       11.44193       8.762665       5.766113       3.487305    
 1871   2.999634       3.039307       5.258820       8.068329       11.03937       12.85590       13.81198       13.11304       11.50540       8.076996       5.291748       3.232697    
 1872   2.279541       2.857056       5.098175       7.592682       10.24609       12.30365       13.35574       13.39630       11.30890       8.023010       5.179077       3.077026    
 1873   2.081299       3.455536       5.582672       7.985931       10.51965       12.91800       13.76236       13.14313       10.96085       8.749390       5.535004       3.385284    
 1874   2.972778       3.298828       5.319977       8.069550       10.43842       12.97528       13.82834       13.25040       11.25302       8.433655       5.611206       2.988434    
 1875   2.156769       3.496552       5.965149       8.171387       11.04745       13.44052       13.64108       13.08029       11.10114       8.126801       5.195129       2.683868    
 1876   2.445557       2.172607       4.477142       7.392731       10.34167       12.76147       13.85959       13.67105       11.41190       8.507660       5.414642       2.366669    
 1877   2.471680       2.898163       5.183685       8.091675       10.32068       12.31998       13.16211       13.34756       11.39874       8.234955       5.239777       3.002869    
 1878   2.517975       2.381012       5.134308       7.594269       9.841797       12.63281       13.67920       13.06268       10.91119       7.990234       4.590424       2.234863    
 1879   2.215668       2.686646       5.167145       7.302246       10.45712       12.97427       14.07870       13.37296       11.22403       8.156525       4.629456       2.991150    
 1880   2.790985       2.560089       4.811554       7.418671       10.82077       12.81824       14.13333       13.50940       11.53104       8.304962       5.152679       2.841522    
 1881   3.117157       2.777039       5.038269       7.280243       10.15967       12.41953       13.55472       13.22113       11.13297       8.301514       4.893188       3.011383    
 1882   2.726868       2.971832       4.614716       7.503326       10.56851       12.89233       13.67734       13.01248       11.08267       8.503235       4.853516       2.967957    
 1883   2.502563       2.665771       4.854095       7.779602       10.38840       12.94263       13.87009       13.26456       11.25345       8.257477       4.638977       2.682465    
 1884   2.738678       3.142853       4.952637       7.296753       9.970123       12.39240       13.23468       12.87592       10.61215       7.358765       3.709229       1.937439    
 1885   1.919495       1.792389       3.520325       6.917419       10.19351       12.12027       13.56915       13.02203       10.96173       7.580444       4.188049       1.932007    
 1886   1.332550       1.576233       4.647034       7.683624       10.53055       12.87659       13.68317       13.08047       11.03540       7.943726       4.438538       2.498657    
 1887  0.8908081       2.024506       4.352631       7.016541       9.812653       12.19876       13.63455       13.13687       11.07370       7.486969       4.495209       1.967957    
 1888   1.556824       1.984772       4.494354       7.398804       10.22235       12.33548       13.24911       13.21750       11.01355       7.859344       5.042633       3.077423    
 1889   2.611359       2.719727       4.641876       7.649719       9.972290       12.27325       13.45313       12.99149       10.99979       7.848328       4.513367       3.216675    
 1890   2.277466       2.931763       5.121857       7.775635       10.46329       12.87634       14.04242       13.21866       11.00970       7.896454       5.200409       2.647125    
 1891   2.404449       2.645142       4.570251       7.482605       10.56750       12.62476       13.93076       13.29932       10.88242       8.062195       5.229401       2.871216    
 1892   2.995392       2.952332       5.014587       7.689178       10.33884       12.73441       13.84680       13.28967       10.99710       7.969849       4.818756       2.256439    
 1893   1.550140       2.631866       4.446777       7.892944       10.37296       12.53116       14.05890       13.10568       11.33459       7.913879       5.129700       2.972809    
 1894   2.742340       3.451019       4.676849       7.620056       10.48248       12.79044       13.79675       13.42755       11.03702       8.190491       5.421539       3.362823    
 1895   2.291656       3.369202       5.736267       8.132507       11.02237       12.97305       14.23621       13.28708       10.99948       8.257477       5.368652       3.698700    
 1896   3.030670       3.540314       5.427734       8.365234       11.18326       13.55887       14.26993       13.24054       11.17007       8.493896       5.513580       3.829376    
 1897   2.663086       2.808167       5.300720       7.807587       10.53717       12.55692       13.74005       13.40997       10.83252       7.710052       4.938812       3.131500    
 1898   1.841492       2.553986       4.915466       7.648895       10.39175       12.60089       14.03229       13.37711       11.72531       8.313721       5.302368       3.035583    
 1899   1.996979       3.091949       5.073700       7.854980       10.76276       12.94498       14.29459       13.21359       11.09198       7.836304       5.132507       3.249146    
 1900   2.854065       4.427399       6.051208       8.647522       10.85718       12.79596       13.88046       13.24780       11.37100       8.777130       5.108704       2.354553    
 1901   2.535248       3.747070       5.098785       8.038513       10.62198       12.46521       13.93427       13.32657       11.12860       8.240479       4.753632       3.313080    
 1902   1.751282       2.896362       5.264252       7.843170       10.56097       12.95438       13.92343       13.76474       11.30154       8.299988       5.206940       2.338928    
 1903   2.240479       2.076538       5.044983       7.654694       10.03873       12.55090       13.71249       12.82654       10.97318       7.501923       5.089355       2.846283    
 1904   2.328186       2.109711       4.250549       7.323730       10.61343       12.57602       13.74487       13.01825       10.93747       8.397919       4.624329       2.680176    
 1905   2.460052       3.146545       5.048096       7.237000       10.90436       13.01813       13.87772       13.48294       11.40915       8.429749       5.586884       2.831573    
 1906   2.433594       3.091278       6.087769       8.181763       10.88058       12.99466       14.28329       13.54669       11.56973       8.041992       4.800842       2.737762    
 1907   2.449341       3.305634       4.921234       7.570801       10.78284       12.59735       13.78674       13.21399       11.52924       8.402985       5.872253       3.019897    
 1908   2.771851       2.913330       5.358459       7.218262       10.34039       12.65073       13.88312       13.59036       11.27988       8.198853       5.312714       3.035095    
 1909   2.196777       3.353546       4.745789       7.424591       10.36322       12.84131       14.24927       13.44852       11.29285       8.617462       5.541656       2.724060    
 1910   1.725037       3.173340       5.261627       7.737976       10.27768       13.00284       13.88739       13.50504       11.21420       8.123596       5.306549       3.923248    
 1911   2.719940       2.824799       5.216461       8.133087       11.27676       13.64313       13.80157       13.53568       11.24487       8.355835       5.656219       3.757233    
 1912   2.311859       3.413086       4.993073       7.999207       10.61194       12.70712       13.48438       13.24036       11.37216       8.194794       5.045410       1.865753    
 1913   1.807892       2.409241       4.734100       7.683441       9.844299       12.18054       13.79440       12.85260       10.94589       7.954041       5.045380       3.101135    
 1914   2.758087       2.995453       5.482635       8.286163       10.39255       12.93832       13.84988       13.26221       10.93204       8.304260       5.010162       2.736816    
 1915   1.653412       3.098663       5.172607       7.783173       10.21710       13.04980       14.10764       13.39627       11.58517       8.546265       5.659332       3.201477    
 1916   2.829895       3.190948       5.675598       7.902435       10.64130       12.90988       13.85059       13.69867       11.24222       8.159729       5.301880       2.634033    
 1917   1.906494       2.698547       5.393250       8.025879       10.76324       13.09280       14.21585       13.83780       11.41440       8.523193       5.037872       3.298584    
 1918   2.966827       3.673340       5.789246       8.240417       10.57617       12.96561       13.96210       13.92267       11.48471       8.599030       5.063843       2.919922    
 1919   2.407745       2.950165       5.684387       7.547272       10.58051       13.16467       14.46942       14.06934       11.33707       8.675476       5.480194       3.974670    
 1920   2.399872       3.723175       5.375244       8.025482       10.84756       13.07196       13.74652       13.43243       11.38547       8.705505       5.743225       3.824677    
 1921   3.185333       3.696289       5.963562       8.044220       11.02466       13.14447       14.14807       13.54248       11.17633       8.505402       5.033844       3.189697    
 1922   2.849091       3.171265       5.590637       7.929199       10.86282       13.14514       14.17511       13.48874       11.32483       8.630310       4.535217       3.450562    
 1923   2.560883       3.633453       5.494324       7.955017       10.70190       13.06937       13.87781       13.39694       11.07553       8.026245       5.471100       3.571869    
 1924   2.763611       3.299530       4.888824       7.664398       10.55856       13.40375       14.53387       13.50818       11.49548       8.513458       5.291870       3.022766    
 1925   2.416504       2.305115       4.235443       7.067719       10.18933       12.97339       13.89374       13.52167       11.32654       8.606140       5.231964       3.468903    
 1926   2.295654       3.255371       5.920593       7.987427       10.66815       13.28546       13.95059       13.69290       11.55130       8.879181       5.863831       3.573090    
 1927   2.776642       4.051971       6.138153       8.854614       11.13660       13.67679       14.19501       13.94952       11.72552       8.623352       5.721924       3.338043    
 1928   2.979950       2.627777       5.569672       8.268463       10.64740       12.98749       13.89154       13.22000       11.00980       7.947144       5.232178       3.115295    
 1929   2.055481       3.032623       5.199707       7.636230       10.44116       12.78192       14.18890       13.38864       10.99542       8.052734       5.859863       3.003174    
 1930   2.165985       3.014496       4.742096       7.937958       11.06247       13.22278       14.36987       13.81247       11.83185       8.592682       5.392151       3.361603    
 1931   2.607758       2.806030       4.518158       7.508240       10.29422       12.87454       14.21112       13.34445       11.24377       8.061249       5.204315       3.353088    
 1932   2.877533       3.986176       5.244537       7.761047       10.05048       13.05344       14.07053       13.30252       11.19934       8.311432       5.887390       4.121185    
 1933   2.977692       3.960571       6.168884       8.573669       11.28113       13.18515       14.52246       13.40961       11.15891       8.166901       5.503052       2.548096    
 1934   2.951508       2.572968       5.314087       8.172363       11.07916       12.81683       14.00433       13.24933       10.74426       7.895050       5.306580       3.124786    
 1935   1.940155       2.775574       4.801697       7.542908       10.28870       13.01437       13.92358       13.31342       11.51862       8.225433       4.362335       3.094910    
 1936   2.385010       3.517822       5.710754       8.016388       10.90918       13.42007       14.33038       13.83420       11.59109       8.356476       5.252533       3.123138    
 1937   2.664063       4.146606       5.746796       8.557526       11.58450       13.73135       14.94839       14.22507       11.44528       8.215881       5.619690       4.086334    
 1938   1.919006       2.615540       5.826294       7.846222       10.35657       13.30261       14.06430       13.42050       11.21982       8.061890       4.431396       2.395660    
 1939   1.784515       2.738831       5.267303       8.095856       10.60858       12.76694       13.90616       13.20126       11.20001       8.280243       5.045135       3.302979    
 1940   1.968628       2.442078       4.688141       7.571045       10.44836       13.17212       14.20706       13.75339       11.51273       8.233337       4.923462       3.874237    
 1941   2.376709       2.610565       5.678802       8.100067       10.72345       12.78552       13.91974       13.24612       11.15811       8.665863       5.114349       3.039368    
 1942   3.291962       4.305847       5.905090       8.508331       11.09064       13.48596       14.31128       13.42294       11.52737       8.429993       5.555786       2.681030    
 1943   2.754150       3.292786       5.391907       8.171143       10.78751       12.87860       14.01694       13.03503       11.20615       8.015045       5.388489       2.702087    
 1944   2.261749       3.046082       5.086151       7.773376       10.56195       12.70746       14.06180       13.47815       11.33542       8.343719       5.389282       3.408875    
 1945   3.009827       3.488342       5.179352       8.339142       11.28741       13.91669       14.65747       13.95557       11.26303       8.869293       5.425720       3.464966    
 1946   2.774689       3.221375       5.973694       8.386902       11.04663       13.11224       13.98721       13.27792       11.00684       8.205383       4.562714       2.890259    
 1947   2.285095       3.392273       5.071777       8.004547       10.83923       13.25613       14.02222       13.79575       11.56897       9.028015       5.392548       3.319794    
 1948   3.466827       3.420746       5.467133       8.102142       10.97150       13.03436       14.44443       13.82471       11.76004       9.194305       5.589539       3.202301    
 1949   2.333649       3.288818       5.402649       7.826050       10.43912       12.73596       14.05557       13.12827       10.91245       8.248932       5.724030       2.981506    
 1950   2.593781       3.701324       5.317108       7.949036       10.44714       12.98877       13.98972       13.57343       11.29367       8.379303       5.599792       3.273743    
 1951   1.997498       2.697205       5.708252       7.913483       10.68448       13.10059       13.94522       13.46759       11.95007       8.642548       5.237946       3.665802    
 1952   3.169098       3.757660       5.719360       8.549561       11.32108       13.75400       14.31836       13.52939       11.65863       8.694824       5.927246       3.681854    
 1953   3.177429       4.287323       5.710724       8.158325       10.87534       13.15952       14.31070       13.84290       11.89584       8.427307       5.356140       3.918427    
 1954   2.775940       2.944885       5.739044       7.972473       10.76825       12.88425       14.19574       13.73828       11.76120       8.307770       5.606537       2.689606    
 1955   1.963593       2.680450       5.312469       8.009552       10.78540       13.32092       13.97794       13.66272       11.77979       8.675964       4.675690       2.977966    
 1956   3.034760       3.330353       5.429291       7.932007       10.63275       12.96307       13.91672       13.55719       11.70703       8.977051       5.295380       3.855164    
 1957   2.598541       4.094055       6.159973       8.539398       11.02127       13.29108       14.41000       13.90619       11.78662       9.135651       5.456085       3.504547    
 1958   3.579987       3.410461       5.711426       7.898254       10.39603       13.10513       13.72296       13.24307       11.41116       8.210327       5.305786       4.226501    
 1959   3.112213       3.572723       4.692322       7.680511       10.57230       12.85809       13.83783       13.76791       11.63577       8.650818       5.591980       3.059448    
 1960   3.132263       4.240295       6.062622       8.917725       11.01639       13.06625       13.96689       13.84927       11.88947       8.746490       6.072052       3.930359    
 1961   2.473785       4.093628       6.295502       8.776031       11.19116       13.30289       14.50180       13.61661       11.42227       8.668213       5.508118       3.841034    
 1962   3.010437       4.034363       5.967712       8.197845       10.45706       13.00400       13.78625       13.43103       11.23300       8.431763       5.337830       3.524597    
 1963   2.648163       3.259979       5.381866       8.051788       10.60028       13.00449       13.92337       13.51563       11.22662       8.423370       5.321472       3.209534    
 1964   2.795044       2.502258       5.104401       7.817993       10.16556       12.40518       13.56479       13.18393       11.06979       8.044281       5.039215       2.465271    
 1965   2.305695       2.758392       4.856628       7.707642       10.67572       12.31766       13.64508       13.29340       11.12393       7.800568       4.516022       3.726257    
 1966   2.835876       4.019684       5.990082       7.546387       10.72549       13.59085       14.13107       13.66763       11.10999       8.008453       5.276337       3.404388    
 1967   2.215912       3.028198       5.036682       7.989868       10.48511       13.08405       14.22388       13.85428       11.31888       8.406525       5.116302       3.218353    
 1968   1.770386       3.223145       5.011780       7.711090       10.19202       13.10571       13.89035       13.32074       11.30066       8.283478       5.227661       2.985229    
 1969   3.103516       2.469513       4.786560       7.296875       10.58023       12.88766       13.76273       13.50238       10.95358       8.207092       5.454681       2.728119    
 1970   2.739441       2.512390       4.956390       7.656616       10.66617       12.91733       13.94992       13.48615       11.27203       8.113159       5.028687       3.121185    
 1971   3.166077       3.627350       5.363831       7.808777       11.06195       13.04309       14.13104       13.51230       11.24768       8.639618       5.598236       3.482483    
 1972   2.659454       2.922058       4.992920       7.640808       10.61359       13.04239       14.26962       13.60022       11.87076       8.501068       5.718903       3.956238    
 1973   3.056427       3.728668       5.829712       8.423889       11.34711       13.32947       14.71872       14.04568       11.84018       8.584869       5.939148       3.549042    
 1974   2.551483       3.469482       5.920105       7.823181       10.69568       13.37341       14.47214       13.58200       11.33301       8.392395       5.619293       2.989441    
 1975   2.136810       2.486328       5.140045       7.827026       10.97656       12.93268       14.40231       13.84650       11.50378       8.760406       5.212616       3.115295    
 1976   1.992218       3.054321       4.968597       7.443481       10.64862       13.35721       14.26154       13.82321       11.36475       8.524750       5.528198       3.352386    
 1977   1.968140       3.596680       5.790192       7.835388       10.77600       13.61682       14.25034       13.60294       11.41977       8.482697       5.903717       3.418121    
 1978   2.772583       2.867889       5.586182       8.342041       10.81717       13.39468       14.49570       13.95370       11.52554       8.569183       5.614319       3.562439    
 1979   2.581818       3.342834       5.511780       7.853333       10.71851       13.33698       14.53610       13.51605       12.09601       8.696350       5.771729       3.094360    
 1980   2.422791       3.835205       5.619080       8.627319       11.22845       13.53958       14.80948       14.05893       11.58240       8.600494       5.268982       3.582520    
 1981   2.326111       3.108063       5.623322       7.929291       11.04434       13.12631       14.14954       13.71820       11.53546       8.560089       5.630127       2.729126    
 1982   2.506042       3.929382       5.960358       8.636200       11.21201       13.15570       14.16214       13.90524       11.64819       8.522156       5.004242       3.233185    
 1983   2.582825       3.669434       5.443176       8.163025       10.78036       12.73639       14.22180       13.42041       11.36765       8.722015       5.511261       3.825836    
 1984   2.652527       3.010773       5.225250       8.392395       11.06458       13.13354       14.51025       13.68893       11.25674       8.158539       5.723511       3.703705    
 1985   2.823730       3.427063       4.546112       7.660522       10.86478       13.28232       14.25217       13.57147       11.38333       8.602142       5.716827       3.760101    
 1986   3.538300       3.306061       5.291290       8.124207       11.08298       13.17395       14.34286       14.01590       11.47672       8.898041       5.761444       3.423798    
 1987   3.743011       3.958435       6.061096       8.373383       11.46750       13.73291       14.42865       13.74155       12.17990       9.089935       6.141510       3.706787    
 1988   3.503479       4.643646       6.406555       8.331482       11.22913       14.07672       14.82513       13.98856       12.35004       9.168457       5.358093       3.786163    
 1989   2.193359       3.623322       5.468079       8.016846       10.68311       13.00870       14.10315       13.59308       11.58780       8.192963       5.227905       2.633453    
 1990   2.151520       3.762085       5.683289       8.457428       10.77402       13.04327       14.33969       13.75119       11.59286       8.871735       5.358643       3.363800    
 1991   3.598572       4.818268       6.548706       8.540802       11.26370       13.54636       14.73453       14.04950       12.04477       9.294464       6.357300       3.744781    
 1992   3.707092       3.780914       6.013733       8.853638       11.10294       13.47629       14.48282       13.13943       11.16403       8.340942       5.619843       3.443451    
 1993   2.123566       3.121796       5.444702       8.436035       11.09750       13.13034       14.37024       13.50275       11.44598       8.560211       5.385803       3.714325    
 1994   2.484650       3.632233       5.247955       8.440643       11.04376       13.05930       14.45743       14.20963       11.75049       8.913818       5.833771       4.260498    
 1995   3.199799       3.681091       5.296509       8.072968       10.66727       13.28290       14.32043       13.93686       11.95120       8.903290       5.783539       3.490540    
 1996   3.618835       4.625305       6.190918       9.372009       11.77252       13.80948       14.94946       14.33127       11.89020       9.321564       6.284943       4.240875    
 1997   3.654663       4.551025       6.278442       8.598114       11.24728       14.19077       15.13516       14.38181       11.92969       9.646393       7.085693       3.909027    
 1998   2.743835       3.694794       6.364258       8.432068       11.46078       13.59756       14.65891       13.73828       11.93539       8.811676       6.386444       3.391083    
 1999   3.044617       3.483337       5.954346       8.744385       11.10599       13.56024       14.59973       14.38538       11.59833       8.736511       5.780762       4.227814    
 2000   3.048553       4.194244       6.222839       8.315155       11.72372       13.77750       15.24402       14.26465       12.44226       9.603943       6.733124       5.109558    
 2001   3.912872       3.978088       6.120636       8.688141       11.42670       13.67105       14.98810       14.36188       12.50052       9.968109       7.006989       4.412170    
 2002   3.605225       3.761566       6.567169       8.898956       11.57559       14.30911       14.74991       14.18097       12.16769       9.461060       6.750305       3.998779    
 2003   3.128479       3.964264       5.578827       8.378632       11.03610       13.50443       14.62698       14.08691       12.34225       9.275940       5.551086       4.142334    
 2004   3.288818       4.511505       5.757660       8.327271       11.02255       13.95370       14.65271       14.29285       12.21893       9.192291       6.414917       4.058289    
 2005   4.055115       4.459045       6.188538       8.819885       11.44122       13.97122       15.14899       14.13882       11.91754       9.453522       6.175598       4.326141    
 2006   3.821777       4.440125       5.939606       8.684662       11.35391       13.96704       14.73553       14.60242       12.63885       9.478424       6.672821       4.876007    
 2007   4.178040       5.198547       6.934448       9.094238       11.98871       14.02075       15.03848       14.24149       12.29111       9.461670       6.707458       3.981201    
 2008   2.919769       3.672455       5.765320       8.353973       11.31421       13.55450       14.59650       14.44547       12.50638       9.110931       6.252319       4.729431    
 2009   4.602905       4.956726       5.479950       9.055908       11.24890       13.35526       14.82535       14.14456       12.12634       9.269196       6.351685       3.995422    
 2010   3.219391       4.487274       6.087769       8.235138       11.05771       13.42325       14.80286       14.17776       12.27362       9.436493       6.373871       4.201721    
 2011   3.976563       5.257660       6.674622       8.994904       11.96021       14.58221       15.23718       14.31985       12.34723       9.474976       5.824188       4.542725    
 2012   4.074036       5.022491       6.700500       9.222015       11.98975       14.50311       15.56384       14.95547       12.56949       9.859161       6.490417       4.122650    
 2013   3.459015       3.788605       5.888367       9.129517       11.45773       13.68179       14.85382       14.49207       12.58417       10.15775       6.516266       4.515442    
 2014   3.984100       4.214630       6.257996       9.684296       11.77377       13.93552       15.04279       14.72110       12.76886       9.519257       6.517365       3.857758    
 2015   3.664856       4.345551       5.921783       8.995361       11.61139       13.95193       14.86185       14.30154       11.88492       9.038055       6.499817       3.982971    
 2016   2.603149       3.438263       6.132111       8.645325       11.08377       13.60648       14.34848       14.40143       12.75626       9.888916       6.698792       5.051453    
 2017   3.880798       4.750610       6.272797       9.505890       12.07910       14.57059       15.14023       14.65881       12.44724       9.562073       6.402191       4.687500    
 2018   3.324432       3.967163       5.741730       8.434753       11.79730       14.37848       15.38971       14.73691       12.68146       9.731659       6.427368       4.950348    
 2019   4.597260       5.059113       6.925964       9.380585       12.25681       14.65396       15.22928       14.66946       12.56641       9.516357       7.032104       4.044556    
 2020   3.449646       4.332184       6.202454       8.893311       11.11154       13.97958       15.27527       14.96088       12.89352       9.960358       6.734589       3.817780    
 2021   4.560760       4.213593       6.665985       9.137390       11.92755       14.09711       14.81778       14.51184       12.37427       9.451141       6.657410       4.574524    
 2022   4.030823       4.407837       6.435730       9.141357       11.78433       13.98932       14.72028       14.57095       12.75183       9.933167       6.492310       4.881622    
 2023   4.813263       5.095154       6.626892       8.985901       11.66876       13.97440       15.49393       14.57697       12.84906       9.443298       7.025116       5.464844    
 2024   3.980499       4.326477       6.515015       9.265411       12.51401       14.58942       15.63269       15.07709       13.00839       10.00732       6.739685       5.008148    
 2025   4.670624       4.849030       6.642700       9.327789       11.73611       13.83200       15.37692       14.85745       12.65460       10.30789       7.012604       4.587769    
 2026   4.021393       5.288025       6.196838       9.120728       11.89893       14.42477       15.41138       15.06683       12.78070       9.973999       7.109802       4.960632    
 2027   4.156769       4.852234       6.580444       9.592896       12.33856       14.56641       15.72552       15.26596       13.17612       10.35992       7.332520       5.841003    
 2028   5.829529       5.903656       7.512207       9.890350       12.77020       14.87421       15.52811       15.00189       12.41595       9.921692       6.507813       3.904755    
 2029   3.612823       4.799805       6.396179       9.538208       11.73831       13.76688       14.96030       14.80045       13.00497       9.745728       6.466797       4.616394    
 2030   3.884583       3.324982       5.682709       8.569244       11.39935       14.03439       14.88431       15.02097       12.89969       9.662689       7.020355       4.720215    
 2031   3.793701       5.048370       6.921875       9.043213       11.65909       14.13705       15.12344       14.97104       13.01901       9.892731       6.935699       4.520905    
 2032   4.774750       4.633545       6.644531       9.403381       12.43884       14.57700       15.44608       15.17355       12.77725       9.728668       6.969574       4.201294    
 2033   3.399017       5.011566       6.893951       8.980347       11.72458       14.30807       15.48709       14.95868       13.14404       10.16611       7.305725       5.415192    
 2034   5.377930       5.859863       6.911072       10.14856       12.54199       14.39633       15.88107       14.95435       12.98004       9.855377       7.222321       4.923187    
 2035   4.048096       5.297211       6.633057       9.629852       12.44821       14.57266       15.18402       14.65665       12.79437       9.717590       6.434601       4.513947    
 2036   4.303406       3.647583       6.384277       8.632965       11.66013       14.12582       15.41751       14.79639       13.09961       9.863129       6.844543       4.643921    
 2037   4.330811       4.646423       7.120514       10.01517       12.20694       14.34552       15.45712       14.66260       12.89136       10.03247       6.826294       4.684753    
 2038   4.920624       5.020203       7.373230       9.667908       12.21259       14.57260       15.78815       15.18069       12.75574       10.37802       7.338806       5.630402    
 2039   4.647278       5.231964       7.125092       10.16574       12.42847       14.74597       15.66388       14.96097       13.07883       10.33929       7.299927       4.549561    
 2040   3.693756       4.076691       6.850525       9.010468       11.82846       13.60815       15.18210       14.56799       12.87628       9.987061       6.527618       4.295135    
 2041   3.800079       4.676666       7.293793       9.634918       12.09756       14.33237       15.35663       14.83679       12.71994       9.820526       6.919098       5.364471    
 2042   4.933258       4.607605       6.967682       9.439270       12.76752       14.49899       15.88046       14.95868       13.01227       10.42926       7.100769       5.128021    
 2043   5.081146       5.164795       6.674133       9.556549       12.31256       14.71875       15.67184       15.39655       13.05542       9.685822       6.742310       4.917755    
 2044   5.041107       5.173187       6.802826       9.118408       12.09351       14.15652       15.76602       15.08282       12.92194       10.11914       7.369110       5.445221    
 2045   5.069763       5.239227       7.253113       9.922668       12.41095       14.69403       15.49402       14.89783       13.00272       10.28616       7.083740       5.753937    
 2046   4.308685       4.678619       7.173950       9.186401       12.05243       14.29980       15.38248       15.17136       13.40320       10.24396       7.301544       4.615845    
 2047   4.593048       5.062531       7.047699       9.990875       12.62396       14.97986       15.58197       14.99173       13.30008       10.19156       6.891113       5.003906    
 2048   4.380951       4.825684       6.487640       8.779022       12.04468       14.18973       15.41919       14.94315       13.17172       10.60696       6.964813       4.658844    
 2049   4.554779       4.444458       6.811096       9.291290       11.75146       14.07278       15.47241       15.51859       12.93799       10.00992       6.882721       4.832428    
 2050   4.162720       5.100281       7.030609       9.361725       12.16760       14.45978       15.14502       15.00720       12.98877       10.07455       7.254028       4.917114    
 2051   4.120758       4.789948       6.113220       8.891998       11.89886       14.06311       15.53619       14.98199       13.25378       10.34079       7.224823       4.620819    
 2052   4.008209       3.950653       7.139709       9.374603       11.88867       14.46259       15.58618       14.88104       12.95743       9.936646       7.060059       4.981720    
 2053   4.310303       4.548462       6.985474       9.186523       12.53720       15.01236       15.77740       14.94238       13.22406       9.876862       7.491882       4.998749    
 2054   4.682526       4.918335       6.897369       9.140869       12.15744       14.48270       15.75781       15.21576       13.73099       10.69891       7.001404       4.969788    
 2055   4.549835       4.858765       7.012909       9.541321       12.53305       15.03253       16.06839       15.46680       13.62601       10.41632       7.882813       4.933960    
 2056   4.462769       5.108032       6.989349       9.572083       12.55740       14.46078       15.40234       15.32474       13.42831       10.69324       7.306244       4.068451    
 2057   3.874878       4.950012       5.869720       8.969482       11.98547       14.42010       15.52283       15.64609       13.30682       10.62567       7.536530       5.515045    
 2058   4.731964       4.906128       7.231354       9.474213       12.42813       14.52084       15.67078       15.32751       13.10825       10.43503       7.743988       5.984222    
 2059   5.152161       5.010773       6.906708       10.17114       12.76093       15.13943       15.77661       15.17966       13.30728       10.27069       7.016998       4.576477    
 2060   4.613434       4.950653       6.720276       10.17578       12.50281       14.41666       15.86938       15.31277       12.97354       10.43588       7.430817       5.499634    
 2061   4.560181       4.730042       7.432739       9.790588       12.53604       14.61264       15.83548       15.49133       13.49866       10.63049       8.050018       5.993164    
 2062   4.866669       5.316223       7.473602       9.402374       12.48431       15.42206       16.30658       15.18665       13.43652       10.44766       7.678802       5.919678    
 2063   5.645599       5.715759       7.820190       10.32242       12.93567       14.89093       16.36520       15.90240       13.77945       10.12238       7.311615       5.271881    
 2064   4.460938       6.090271       6.871857       9.711731       12.03888       14.58896       15.49734       15.35532       13.16602       10.71658       7.728577       5.911560    
 2065   4.468689       4.284668       7.449097       10.06793       12.76270       14.84100       15.93921       15.35876       13.36945       10.39725       7.986816       5.440613    
 2066   4.921753       5.468201       7.340790       9.565155       12.66403       15.17947       15.99698       15.58286       13.21497       10.47540       7.282166       5.047058    
 2067   4.742554       5.637054       7.142822       9.977112       12.66794       15.10654       15.85480       15.56754       13.68405       10.25146       6.911346       5.637054    
 2068   5.485748       5.567596       8.225525       10.84003       13.58878       15.73038       16.78046       15.58936       13.56259       11.05869       8.303833       5.440216    
 2069   5.047913       5.663513       7.926697       9.778381       12.76181       14.89145       16.12183       15.71393       14.41187       11.28818       7.587708       5.061310    
 2070   4.703125       5.902008       7.240356       9.715240       12.58209       14.93774       16.13718       15.57440       13.65164       10.93723       8.758331       6.107269    
 2071   5.596771       6.337189       8.456055       10.41309       13.24094       14.90240       16.05493       16.12524       14.10300       10.76544       7.858704       5.307281    
 2072   4.971283       5.491974       7.798523       10.38245       12.88107       15.64645       16.56961       15.87280       13.93597       10.72232       7.810516       6.452759    
 2073   5.527435       5.939392       7.282867       10.30777       12.96576       15.59106       16.28979       15.93982       13.98257       11.03598       8.036285       6.240570    
 2074   4.767792       4.907715       7.627960       10.17941       12.81601       15.03290       16.38449       15.69763       13.80884       11.07806       8.143738       5.780151    
 2075   5.709229       5.640594       7.498016       10.20093       12.99121       15.36728       16.30817       16.02722       13.79709       10.72113       7.564758       5.969666    
 2076   5.982483       6.479218       7.937256       10.48013       13.11682       15.56763       16.39371       16.04938       13.83725       11.03699       8.389984       5.471863    
 2077   4.901794       5.859253       7.532349       10.06650       13.06818       15.47433       16.52237       15.91348       14.08820       11.32785       7.809235       5.972321    
 2078   5.787201       6.159088       7.636993       10.45465       13.29504       15.88013       16.75201       15.81680       14.09036       11.30142       8.410095       6.095642    
 2079   5.153442       5.797516       7.795776       10.29456       13.04062       15.54282       16.56259       16.32602       14.11890       11.52032       8.841370       6.526855    
 2080   6.037842       6.698578       7.939819       10.76614       13.22964       15.53720       16.35300       16.04407       14.10822       11.16620       8.299744       5.684296    
 2081   5.859528       5.587860       8.032715       10.42233       13.23837       15.53796       16.56900       16.24957       14.62131       10.96420       8.492981       5.319458    
 2082   5.242218       6.140717       7.981567       10.33652       13.27698       15.38174       16.22916       15.85599       13.86169       11.38135       8.853424       6.362152    
 2083   6.252411       6.607971       8.384064       10.55450       13.39658       15.74307       16.52081       16.25781       14.00003       11.62668       8.214752       5.660706    
 2084   4.880005       5.763733       8.030151       10.53012       12.98196       15.56299       16.42825       16.61050       14.51544       11.76886       9.207642       6.582214    
 2085   5.666565       5.887512       7.939453       10.72388       13.50070       15.30869       16.31088       16.27692       14.37479       11.37939       8.512878       6.265900    
 2086   5.690002       6.149689       7.806671       10.73657       13.80774       15.31708       16.63919       16.43741       14.75784       11.64337       8.371246       6.351105    
 2087   5.545288       5.886169       8.013824       10.67181       13.12906       15.95239       16.33521       15.82874       14.31537       11.27173       7.959198       6.133057    
 2088   5.429108       5.688568       7.680939       10.17700       12.80850       14.73282       16.33646       16.32053       14.22876       11.19778       8.145355       6.828888    
 2089   6.912781       6.949738       8.386505       10.25656       13.22305       15.77017       16.53043       15.80267       14.13544       11.49173       8.601898       6.452148    
 2090   5.846710       6.873413       8.635071       11.19443       14.02365       15.87845       17.06885       16.42676       14.17737       11.77472       8.722015       6.743561    
 2091   5.693390       5.772247       8.409302       10.68030       12.98483       14.99680       16.35114       16.03232       14.37521       11.33096       8.551636       6.345001    
 2092   6.356567       6.400909       7.709259       10.54749       13.18848       15.41550       16.45773       16.00229       14.65814       11.25665       8.685974       6.662903    
 2093   6.125580       7.687653       8.493439       10.89621       13.29822       15.63568       16.37933       16.27032       14.79828       11.47635       8.514526       6.390045    
 2094   6.453369       6.246429       9.125916       10.51508       13.40756       15.90771       16.80734       16.44821       14.47281       11.68982       8.483917       6.303070    
 2095   6.050568       6.075653       7.558472       10.76187       13.73605       15.46292       16.61688       16.44669       14.29248       11.42245       8.773376       6.859863    
 2096   5.882751       5.436951       7.691101       10.85477       13.57767       15.94025       16.84503       16.62186       14.53360       11.78964       8.953705       7.301300    
 2097   6.765717       6.649292       8.317291       11.04465       13.51035       15.41995       16.56735       16.05811       14.58005       11.47571       9.094025       6.685425    
 2098   6.310791       5.552704       7.715088       10.53339       13.46335       15.85797       16.93875       16.30972       14.30322       11.72238       8.826263       6.520905    
 2099   6.425598       6.417969       7.533844       10.36337       13.71280       15.67651       17.07306       16.84131       14.60675       11.61478       8.815369       6.378510    
 2100   5.706451       6.269012       8.179321       10.97525       13.51956       15.87476       16.96683       16.51093       14.38113       11.75458       8.679413       6.259491    
