# using minimal fraction of valid points 30.00
# tas [K] from HadGEM2-ES model output prepared for CMIP5 RCP8.5 r2i1p1
# cutting out region lon=    0.000  360.000, lat=  -90.000   90.000
 1861   284.4290       284.7585       285.5285       286.6342       287.8021       288.6795       289.0500       288.8462       287.9752       286.8600       285.8094       285.0623    
 1862   284.8000       285.1376       285.7379       287.0103       288.0814       288.8965       289.1990       288.9222       288.1157       287.1648       286.0019       284.7807    
 1863   284.6032       285.0152       285.6769       286.6483       287.8379       288.8674       289.0125       288.7484       288.1148       287.1277       286.0596       284.9883    
 1864   284.6992       285.0224       285.9700       287.0695       288.3177       288.9917       289.2056       288.8920       288.1186       287.0965       285.9073       284.8261    
 1865   284.7151       285.0702       285.6533       286.7552       287.9678       288.7408       289.0089       288.7498       287.9018       286.9515       285.7620       284.8639    
 1866   284.4962       284.6995       285.4547       286.7576       287.8016       288.6894       289.0208       288.7389       287.8262       287.0145       285.6668       284.7300    
 1867   284.3073       284.8052       285.6607       286.7659       287.9161       288.8202       288.8195       288.6450       287.9711       286.9076       285.6961       284.9386    
 1868   284.6075       284.9459       285.5822       286.6225       287.8942       288.7460       288.9847       288.7796       288.0881       286.9179       285.8858       284.8596    
 1869   284.4332       284.7310       285.7165       286.8405       288.0066       288.8094       289.0246       288.8325       288.0699       286.9895       285.8275       284.9281    
 1870   284.6878       285.0988       285.7528       286.9776       288.0837       288.9616       289.1573       288.7338       287.9860       286.9410       285.7780       284.8497    
 1871   284.7153       284.9547       285.6570       286.7005       287.8415       288.7231       289.0378       288.7620       287.9337       287.0140       285.8748       284.8618    
 1872   284.4427       284.9328       285.6073       286.9330       288.0243       288.7573       288.9713       288.8236       287.9446       286.8891       285.7837       284.9550    
 1873   284.5898       285.1777       285.5606       286.8290       287.9505       288.8961       289.1827       288.7938       287.9908       286.9211       285.7923       284.8381    
 1874   284.8144       284.8976       285.7673       286.7905       288.0010       288.9951       289.1669       288.7292       287.9240       286.9570       285.8661       284.8386    
 1875   284.5130       284.7770       285.7546       286.6431       287.9099       288.6686       288.8570       288.7834       288.0176       286.8655       285.5753       284.8661    
 1876   284.5458       285.0394       285.5318       286.5223       287.7365       288.5996       288.8428       288.5522       287.8069       286.6382       285.6744       284.8238    
 1877   284.5121       284.7930       285.5145       286.4404       287.7641       288.5485       288.9482       288.6216       287.7954       286.8252       285.8530       284.7770    
 1878   284.6343       284.9574       285.6371       286.6529       287.8912       288.7158       288.9494       288.6221       287.8843       286.7174       285.7133       284.8029    
 1879   284.3951       284.6714       285.4985       286.7203       287.8121       288.7355       288.9626       288.5883       287.7884       286.7036       285.4676       284.6843    
 1880   284.3094       284.7534       285.3599       286.4729       287.6721       288.7140       288.8617       288.5912       287.7484       286.7038       285.6852       284.6510    
 1881   284.2581       284.9153       285.5610       286.7108       287.7915       288.6809       288.8811       288.6008       287.8358       286.9377       285.7327       284.7184    
 1882   284.4451       284.6646       285.1684       286.5064       287.7586       288.6232       288.8470       288.6169       287.8638       286.8885       285.7423       284.5175    
 1883   284.1724       284.5065       285.2260       286.4806       287.6290       288.4804       288.7532       288.5128       287.8175       286.6582       285.2455       284.4016    
 1884   284.1933       284.4778       285.2822       286.4243       287.6135       288.3935       288.5199       288.3883       287.5482       286.4937       285.2533       284.5081    
 1885   284.3654       284.6194       285.3115       286.4750       287.5851       288.4969       288.8099       288.4837       287.6247       286.6823       285.4210       284.4985    
 1886   284.2272       284.4074       285.1193       286.3602       287.5547       288.4879       288.7243       288.5840       287.7304       286.6398       285.4718       284.3639    
 1887   284.1700       284.6929       285.1599       286.2574       287.3709       288.3610       288.6430       288.4169       287.5385       286.4392       285.1844       284.2873    
 1888   284.2511       284.4573       285.1999       286.2634       287.6780       288.5654       288.8812       288.4472       287.7396       286.7227       285.5116       284.6942    
 1889   284.3670       284.4985       285.4957       286.5609       287.5874       288.5771       288.8007       288.4657       287.7442       286.7162       285.5045       284.4755    
 1890   284.3894       284.6725       285.2549       286.5140       287.5121       288.4979       288.7550       288.5183       287.6644       286.6051       285.5494       284.5091    
 1891   284.4163       284.6029       285.4443       286.4546       287.4550       288.4023       288.5167       288.3564       287.7404       286.6621       285.2925       284.6698    
 1892   284.4029       284.6523       285.2917       286.6032       287.6822       288.6193       288.8941       288.6604       287.7892       286.7770       285.7480       284.6496    
 1893   284.2975       284.8649       285.4044       286.5504       287.7472       288.6402       288.9441       288.6641       287.8155       286.7981       285.7403       284.7183    
 1894   284.5011       284.7138       285.3255       286.5735       287.9264       288.5689       288.7727       288.5576       287.6906       286.5467       285.6969       284.8111    
 1895   284.4643       284.6525       285.5336       286.7694       287.8714       288.7404       288.8712       288.7243       287.9437       286.9662       285.8178       284.9425    
 1896   284.8013       285.1128       285.7976       286.6575       287.9504       288.7982       288.9151       288.5674       287.8621       286.8025       285.6647       284.7155    
 1897   284.4039       284.7953       285.3908       286.5246       287.6889       288.7570       288.9192       288.6319       287.8420       286.8155       285.5845       284.6880    
 1898   284.5191       284.8729       285.5791       286.5562       287.8104       288.7721       288.9015       288.6896       287.9001       286.9792       285.6283       284.8617    
 1899   284.7102       285.0188       285.6242       286.7819       288.0375       288.8073       289.0304       288.7041       288.0762       286.9285       285.7171       284.9608    
 1900   284.6359       284.8497       285.6456       286.6938       287.9342       288.7204       288.9163       288.6170       287.9113       286.9144       285.8230       284.8559    
 1901   284.8517       284.8318       285.6049       286.5475       287.7817       288.7234       288.9076       288.6487       287.9961       286.8926       285.9927       285.0964    
 1902   284.6981       284.7919       285.5901       286.7601       287.8886       288.7622       288.8558       288.6344       287.9508       286.8188       285.5721       284.8355    
 1903   284.5906       284.9468       285.8456       286.6370       287.8057       288.5850       288.8331       288.6140       287.7595       286.6323       285.4614       284.3900    
 1904   284.3016       284.6072       285.3286       286.3298       287.4016       288.4237       288.6660       288.3942       287.6761       286.6654       285.3904       284.5345    
 1905   284.2502       284.7426       285.5692       286.5216       287.7859       288.5570       288.8156       288.6106       287.9097       286.9421       285.6715       284.8041    
 1906   284.3773       284.7754       285.6501       286.6039       287.8080       288.7078       288.8959       288.5028       287.8535       286.9803       285.5632       284.7991    
 1907   284.5421       284.8414       285.6152       286.7441       287.6866       288.6215       288.8967       288.5072       287.9290       286.6868       285.7404       284.7045    
 1908   284.4745       284.8226       285.5943       286.6786       287.6875       288.6165       288.7404       288.3778       287.8026       286.5959       285.6003       284.7401    
 1909   284.5335       284.4647       285.4207       286.3172       287.6826       288.4262       288.6912       288.5157       287.9157       286.8597       285.7395       284.7169    
 1910   284.4518       284.9874       285.4449       286.7318       287.8877       288.7223       288.9064       288.7466       287.9941       286.7700       285.6800       284.7859    
 1911   284.4738       284.7920       285.4407       286.6829       287.8612       288.8636       288.9522       288.7252       287.7980       286.7700       285.6633       284.6187    
 1912   284.4980       284.7852       285.4780       286.6036       287.8643       288.6693       288.7968       288.5899       287.7979       286.6454       285.5408       284.5748    
 1913   284.1997       284.5576       285.4732       286.6311       287.7385       288.6640       288.8574       288.5818       287.7890       286.7859       285.5958       284.6182    
 1914   284.4955       284.8687       285.6020       286.7535       287.7960       288.6837       289.0121       288.8678       287.9328       286.8574       285.7066       284.6008    
 1915   284.6404       284.6930       285.4475       286.7091       287.7333       288.6806       288.9631       288.6545       287.8885       286.7985       285.7329       284.7176    
 1916   284.5295       284.8429       285.7635       286.6256       287.7776       288.8641       288.9690       288.8056       287.9976       287.0689       285.9658       285.1308    
 1917   284.6138       284.8708       285.6863       286.8022       288.1080       289.0054       289.0927       288.9671       288.0679       287.1811       285.8754       284.9637    
 1918   284.6632       284.7576       285.7377       286.7231       287.9283       288.8017       289.0307       288.6999       287.9870       287.0482       285.7213       284.7631    
 1919   284.6964       284.7799       285.7299       286.9190       288.0435       288.9558       289.0884       288.8381       288.0486       287.0591       285.8536       285.0276    
 1920   284.8264       285.2487       285.6986       286.6724       287.9340       288.9156       289.1348       288.8560       288.0972       287.0873       285.9590       285.0248    
 1921   284.8104       285.1735       285.7906       286.8215       288.0455       288.9581       289.0677       288.8173       288.2513       287.0060       285.9590       284.9192    
 1922   284.7645       284.8472       285.8782       287.0259       288.1347       289.0050       289.1874       289.0033       288.0593       286.9808       285.7260       284.8897    
 1923   284.6302       285.0926       285.8572       286.9009       288.0547       288.9332       289.0853       288.7869       288.1245       287.1811       285.8609       284.8957    
 1924   284.6591       284.8801       285.7773       286.7793       288.1352       288.9608       289.0993       288.8233       288.0483       286.9452       285.8642       284.9062    
 1925   284.7412       285.1888       285.9189       286.7624       287.8799       288.7876       289.0157       288.8683       288.1099       287.1425       286.0026       285.0344    
 1926   284.8380       285.0841       285.8603       287.0182       288.1938       288.9913       289.2592       289.0334       288.0992       286.9462       285.9216       284.9682    
 1927   284.7809       285.0200       285.5801       287.0156       288.0304       288.9764       289.1711       288.9347       288.1039       287.1378       285.9160       285.2080    
 1928   284.9117       285.3286       285.8258       286.9680       288.0622       288.9466       289.0900       288.8719       288.0012       286.9876       285.7436       285.0099    
 1929   284.6532       285.0035       285.6193       286.8437       287.8992       288.7717       288.9355       288.7369       287.9347       286.8548       285.7544       284.9066    
 1930   284.4592       284.8663       285.7127       286.7522       287.9478       288.6855       288.9364       288.7823       287.8751       286.9085       285.6021       284.6977    
 1931   284.4637       284.8834       285.4809       286.5746       287.7382       288.5522       288.9564       288.6800       287.7877       286.8992       285.6525       284.8396    
 1932   284.7466       284.9226       285.7932       286.8912       287.9299       288.8937       288.9627       288.9209       288.1141       286.9042       285.7616       285.0737    
 1933   284.6580       284.9777       285.6178       286.7976       288.1030       288.9275       289.1297       288.9172       288.1991       287.2015       286.0233       285.2247    
 1934   285.0506       285.2561       286.0450       287.0256       288.2033       288.9823       289.1580       288.9889       288.2014       287.0580       285.9484       284.8811    
 1935   284.8956       285.1858       286.0168       287.0884       288.1346       288.9123       289.0732       288.7990       288.1703       287.1356       285.9922       284.9573    
 1936   284.8070       285.0912       285.8296       286.9368       288.0192       288.8622       289.1448       288.7594       288.0858       287.1118       286.0374       285.1022    
 1937   284.8198       285.2551       285.8647       287.0095       288.1584       289.0078       289.2496       288.8903       288.2989       287.0626       285.9030       284.9757    
 1938   284.5729       285.1155       285.7823       287.0307       288.2305       288.9078       289.0623       288.7389       288.0837       287.0284       285.9945       285.0433    
 1939   284.8374       284.9757       285.8770       286.7996       287.9925       288.7769       288.9550       288.6436       287.9929       286.7609       285.6508       284.8546    
 1940   284.5696       284.9266       285.5095       286.7148       287.8214       288.6734       288.8289       288.5387       287.8326       286.8272       285.7178       285.0128    
 1941   284.7597       285.1187       285.7535       286.9707       288.0523       288.8209       289.1525       288.7952       288.0260       287.0891       285.8219       284.9662    
 1942   284.8195       285.0368       285.7405       286.9873       288.0710       288.9716       289.1613       288.8739       288.1664       287.1429       285.8885       285.1066    
 1943   285.0310       285.3246       285.7116       286.9907       288.2056       289.0706       289.1378       288.9390       288.1498       287.2771       286.1603       285.3635    
 1944   284.9983       285.3124       286.0177       286.9508       288.2332       289.0429       289.2747       288.9991       288.2464       287.1054       285.9822       285.3766    
 1945   285.1441       285.5258       286.0167       287.1919       288.3317       289.0630       289.2612       288.9233       288.2259       287.2259       286.1259       285.2055    
 1946   284.9316       285.2809       285.9174       287.1638       288.1928       289.0770       289.1853       288.9223       288.2252       287.1962       286.0280       285.1405    
 1947   285.0710       285.3068       285.9608       286.9660       288.0815       288.9590       289.1797       288.8263       288.3099       287.3082       285.9984       285.1497    
 1948   284.9581       285.1940       286.0925       287.2088       288.3145       289.1584       289.2216       289.0047       288.3428       287.3266       286.2439       285.3175    
 1949   284.9937       285.2578       285.8896       287.2249       288.3050       289.0290       289.2157       289.1097       288.3313       287.3141       286.0884       285.2206    
 1950   284.8763       285.1417       286.0032       287.1154       288.3241       289.1528       289.2189       288.9640       288.2309       287.0545       285.8147       285.0670    
 1951   284.9216       285.2823       285.8587       287.0104       288.0025       288.8777       289.0626       288.8952       288.2484       287.1837       286.0569       284.9833    
 1952   284.7113       285.1560       285.8343       286.9263       288.1461       288.7911       289.0043       288.7047       288.0231       287.0360       285.8775       284.8615    
 1953   284.6270       285.0885       285.9112       286.9151       288.0903       288.8796       289.1302       288.7636       288.0464       286.9593       285.8283       284.9300    
 1954   284.6993       284.7886       285.7201       286.8649       288.1124       288.9426       289.1416       288.8558       287.9489       287.0402       285.7852       284.9277    
 1955   284.8287       285.1187       285.8265       287.0431       288.1068       289.0038       289.2649       288.9981       288.1750       287.1185       285.9969       285.2249    
 1956   285.0281       285.3751       286.2122       287.1636       288.2278       288.9948       289.2566       288.9796       288.1588       287.0296       285.8481       285.0877    
 1957   284.6170       284.9164       285.7220       286.7674       287.9401       288.8602       289.0358       288.8941       288.1149       287.0782       285.8163       285.0351    
 1958   284.7476       285.2230       285.8804       286.7531       287.9258       288.7504       288.9843       288.7942       288.1434       287.1224       285.8596       284.9580    
 1959   284.7352       284.8905       285.6405       286.7251       288.1618       288.9619       289.0027       288.8162       288.2319       287.1945       285.8872       284.9435    
 1960   284.7716       285.0411       285.7804       286.8995       288.1379       288.8579       289.0610       288.8390       288.0924       286.9366       285.8261       284.9466    
 1961   284.5679       285.1874       285.8729       286.7667       287.9829       288.8155       288.9952       288.6911       287.8463       287.0737       285.8654       284.9650    
 1962   284.7767       285.0095       285.9550       286.9313       287.9054       288.7150       288.8080       288.6595       287.8210       286.7564       285.6018       284.8072    
 1963   284.5800       284.7768       285.5638       286.7067       287.8503       288.6753       289.1005       288.6045       287.8679       286.5798       285.4733       284.7079    
 1964   284.4511       284.6426       285.4399       286.7435       287.9312       288.7156       288.7367       288.4666       287.8673       286.7500       285.5270       284.5630    
 1965   284.4098       284.6040       285.3514       286.4126       287.6033       288.5179       288.8408       288.4037       287.7231       286.6501       285.3903       284.6181    
 1966   284.3902       284.5475       285.2148       286.4841       287.7007       288.4540       288.6804       288.3555       287.6263       286.5544       285.5718       284.6011    
 1967   284.2386       284.5082       285.2284       286.4771       287.7238       288.6804       288.6189       288.4286       287.7130       286.5527       285.5113       284.6205    
 1968   284.3986       284.8248       285.5665       286.6346       287.6875       288.6370       288.7933       288.5728       287.8046       286.8071       285.6809       284.7745    
 1969   284.6267       284.9335       285.5229       286.7032       287.8716       288.7674       288.8210       288.7037       287.9273       286.9995       285.7798       284.8017    
 1970   284.5780       284.7452       285.4844       286.7081       287.7699       288.8097       288.8773       288.7030       287.8739       286.8716       285.7179       284.6558    
 1971   284.6353       284.9195       285.5976       286.5946       287.9391       288.6832       288.8358       288.4977       287.7167       286.8339       285.6853       284.9804    
 1972   284.9075       285.0371       285.7789       287.0132       288.0206       288.8112       289.0262       288.6121       287.8360       287.0176       285.9070       284.7726    
 1973   284.6426       284.9716       285.7915       286.7274       287.9252       288.6866       288.9205       288.6668       287.9178       286.9362       285.7892       284.7910    
 1974   284.6803       285.0189       285.7978       286.9679       288.0439       288.8109       289.0179       288.6650       287.8301       286.9206       285.8611       284.9011    
 1975   284.4911       284.8329       285.5927       286.6575       287.8733       288.8111       288.8935       288.6155       287.8454       286.7149       285.4007       284.7107    
 1976   284.1675       284.5782       285.3006       286.4590       287.7553       288.5957       288.8779       288.4874       287.7557       286.7492       285.6569       284.5599    
 1977   284.2638       284.9611       285.4801       286.6893       287.9377       288.7405       288.8145       288.7892       287.8732       286.9361       285.8199       285.2357    
 1978   284.5650       285.1287       285.8346       286.8620       288.1777       288.9349       288.9958       288.7503       287.9089       286.9829       285.8708       285.0297    
 1979   284.5236       284.7961       285.6289       286.7104       287.9101       288.8709       289.0843       288.7718       288.1315       287.1417       286.0950       285.0949    
 1980   284.6760       285.2274       285.9669       287.0386       288.1397       289.0134       289.2047       288.9897       288.2942       287.2538       286.0444       285.0883    
 1981   284.9718       285.1000       285.8856       287.2346       288.2150       289.0349       289.1116       288.9355       288.2140       287.1625       286.0793       285.2051    
 1982   284.7670       285.0542       285.7841       286.8863       288.0264       288.8875       289.0271       288.7719       288.0420       286.9673       285.8866       284.9242    
 1983   284.4543       284.8341       285.4638       286.6730       287.7813       288.6635       288.8162       288.5735       287.8652       286.8026       285.9437       284.9193    
 1984   284.5099       284.7958       285.5807       286.7057       287.9025       288.8202       288.8853       288.7170       287.8115       286.7723       285.5568       284.7685    
 1985   284.5859       284.8965       285.6656       286.7463       288.0417       288.8123       289.0700       288.8108       288.0846       287.0787       285.8842       285.0499    
 1986   284.6583       284.8372       285.8579       286.7939       288.2261       288.8738       289.0007       288.7306       288.0323       287.0421       286.1080       284.9146    
 1987   284.6859       284.9554       285.6740       286.8019       287.9627       288.9085       289.0481       288.7715       288.0039       287.1212       285.9474       285.1302    
 1988   284.7527       285.1169       285.9199       286.8983       287.9164       288.9714       289.1055       288.8922       287.9791       286.9395       285.8058       284.9510    
 1989   284.6661       285.0220       285.7284       286.9439       288.0154       288.9077       289.0799       288.8590       288.1581       287.2555       286.0385       285.2662    
 1990   284.8741       285.1929       286.0291       287.1687       288.0363       289.0369       289.2592       289.0527       288.2051       287.2520       286.0710       285.1939    
 1991   285.0833       285.2481       285.9657       286.9661       288.0155       289.0986       289.1844       288.9089       288.1300       287.0777       285.9363       284.9289    
 1992   284.5074       284.8778       285.7371       286.6387       287.7138       288.5641       288.8608       288.5123       287.9389       286.8143       285.6178       284.8286    
 1993   284.4944       284.8104       285.5432       286.7044       287.8338       288.6999       289.0877       288.6949       287.9449       286.9441       285.8080       284.8663    
 1994   284.5828       284.8078       285.5579       286.8843       288.0851       288.8274       289.0085       288.8943       288.0120       286.8924       285.6638       284.8860    
 1995   284.7911       284.9358       285.5384       286.6454       287.8835       288.5706       288.8481       288.6014       287.7536       286.7623       285.4939       284.6749    
 1996   284.3894       284.6308       285.5095       286.5054       287.8264       288.6765       288.8681       288.7827       288.0569       287.1380       285.8139       285.0435    
 1997   284.6436       284.8710       285.6729       286.9084       288.0938       288.9487       289.1598       288.9392       288.2150       287.3077       286.1833       285.3662    
 1998   285.0796       285.3548       286.2569       287.2716       288.4219       289.2853       289.4364       289.0591       288.3653       287.4805       286.2217       285.2487    
 1999   284.9721       285.3934       286.1064       287.3712       288.4653       289.2309       289.5185       289.2197       288.4618       287.3395       286.2900       285.2977    
 2000   285.0475       285.2284       285.8844       287.0361       288.3987       289.1752       289.3851       289.1530       288.4541       287.4961       286.4138       285.4835    
 2001   285.2183       285.6729       286.2222       287.3591       288.6994       289.4612       289.5507       289.2998       288.5365       287.5439       286.3604       285.3671    
 2002   285.1870       285.3882       286.2267       287.0703       288.3433       289.2637       289.3019       289.1704       288.4231       287.5803       286.5771       285.6243    
 2003   285.4306       285.5831       286.2723       287.2769       288.5435       289.3028       289.6050       289.2997       288.5409       287.5054       286.4260       285.3832    
 2004   285.1537       285.5604       286.2064       287.4216       288.4427       289.3078       289.4523       289.1920       288.5103       287.4750       286.1600       285.3260    
 2005   285.1196       285.5551       286.0741       287.2441       288.5102       289.3939       289.5609       289.3991       288.6811       287.6388       286.4955       285.6393    
 2006   285.3325       285.7807       286.4939       287.3344       288.5938       289.3734       289.3633       289.2049       288.5543       287.4236       286.1508       285.4290    
 2007   285.3282       285.4649       286.1950       287.3147       288.4784       289.2093       289.4761       289.2566       288.4437       287.5231       286.3569       285.5338    
 2008   285.4578       285.7386       286.4102       287.5057       288.6440       289.4223       289.6205       289.4816       288.7968       287.7540       286.6103       285.5430    
 2009   285.3156       285.6860       286.5413       287.4360       288.5450       289.3383       289.4802       289.4780       288.7435       287.7422       286.7001       285.7476    
 2010   285.5976       285.7878       286.5557       287.5073       288.7940       289.6210       289.7080       289.5009       288.8952       287.9678       286.7614       285.7420    
 2011   285.5179       285.5941       286.5549       287.5318       288.6898       289.5490       289.5641       289.4940       288.6703       287.7315       286.4960       285.6017    
 2012   285.2242       285.5961       286.4803       287.5806       288.6438       289.5454       289.7636       289.5103       288.8835       287.7367       286.6710       285.7617    
 2013   285.4607       285.9068       286.5605       287.6198       288.8868       289.6317       289.9342       289.6917       289.0416       287.9647       286.9062       286.0249    
 2014   285.6920       285.9099       286.6135       287.7163       288.9394       289.7197       289.7222       289.7319       288.8850       287.8221       286.7982       285.8518    
 2015   285.6876       286.0252       286.7581       287.7334       288.8244       289.7322       289.7787       289.6169       288.8450       288.0464       286.9447       285.9497    
 2016   285.7910       286.2346       286.8760       287.6948       288.8553       289.7777       289.9451       289.8291       289.0884       288.0064       286.8754       286.0800    
 2017   285.8991       286.1526       286.8927       287.8192       289.0047       289.7350       290.0002       289.8215       289.0475       288.0319       286.9870       285.9789    
 2018   285.6436       285.9412       286.8379       287.6959       289.1780       289.8733       290.1093       289.7685       289.1035       288.0898       286.8628       285.9296    
 2019   285.6096       286.0590       286.8896       288.0638       289.1999       290.0499       290.1432       290.0237       289.1239       288.0623       286.9478       286.0525    
 2020   285.7433       285.9616       286.8384       288.1466       289.0274       289.7593       289.9612       289.8832       289.1737       288.0699       286.9297       286.1032    
 2021   285.8042       286.2130       286.8865       287.8326       289.0148       289.8949       289.9440       289.7315       289.0299       288.1573       286.9159       286.1432    
 2022   285.9131       285.9902       286.9610       287.9916       289.1454       289.9908       290.1418       289.9283       289.1877       288.4517       287.2183       286.2451    
 2023   286.0777       286.2392       286.8905       287.8898       289.2426       289.9969       290.1994       289.9037       289.3871       288.3904       287.2609       286.3613    
 2024   286.0864       286.0002       286.7690       287.8951       289.0878       289.9110       290.0703       289.8635       289.1855       288.1977       287.2143       286.2450    
 2025   285.9391       286.4054       287.0241       288.1499       289.1943       290.1104       290.1772       289.9199       289.2004       288.3676       287.2083       286.4223    
 2026   286.1807       286.5182       287.0339       288.1842       289.3720       290.0835       290.2263       290.0674       289.2987       288.3616       287.2475       286.5064    
 2027   286.0102       286.2932       286.9351       287.9570       289.2694       290.1799       290.4482       290.2236       289.5467       288.3374       287.3710       286.2950    
 2028   286.1286       286.3276       287.2927       288.1935       289.3478       290.1005       290.3704       290.2698       289.6846       288.6386       287.5654       286.7579    
 2029   286.3839       286.5549       287.3853       288.5660       289.7043       290.5328       290.6524       290.4729       289.7364       288.6452       287.7042       286.6241    
 2030   286.5162       286.7614       287.3652       288.5203       289.5979       290.3722       290.5177       290.4103       289.5879       288.5806       287.6305       286.7050    
 2031   286.2331       286.5620       287.0560       288.2606       289.4846       290.2121       290.4342       290.1707       289.4937       288.7887       287.4167       286.6874    
 2032   286.1320       286.4921       287.3167       288.3815       289.5445       290.2620       290.4509       290.2926       289.6982       288.7667       287.5750       286.6014    
 2033   286.1720       286.5479       287.3144       288.3975       289.5884       290.1723       290.4608       290.3378       289.8004       288.7551       287.6528       286.6408    
 2034   286.3863       286.7974       287.4193       288.4378       289.5441       290.2389       290.6213       290.3900       289.7513       288.8688       287.6544       286.8621    
 2035   286.6254       286.7175       287.5188       288.4560       289.6459       290.3939       290.7052       290.3808       289.6512       288.6540       287.6570       286.9132    
 2036   286.5661       286.7034       287.5175       288.4233       289.6276       290.3975       290.5695       290.3840       289.7887       288.8155       287.7550       286.9414    
 2037   286.7678       286.9209       287.5860       288.6212       289.8397       290.4720       290.7281       290.5839       289.8403       288.8891       287.7141       286.7435    
 2038   286.5140       286.8903       287.4917       288.5400       289.8300       290.5136       290.7479       290.4523       289.9489       289.1576       288.1418       287.2092    
 2039   286.7576       286.7757       287.7279       288.8443       289.7373       290.5760       290.7686       290.7687       289.9404       288.7825       287.7485       286.9104    
 2040   286.6141       287.0138       287.8003       288.8300       289.7117       290.4485       290.6527       290.5708       289.8012       288.8500       288.0853       287.0674    
 2041   286.7868       287.0503       287.7816       288.7445       289.8647       290.6192       290.7363       290.6111       289.9102       288.9646       287.9110       287.1224    
 2042   286.8390       286.9499       287.5917       288.7498       289.8808       290.6396       290.9012       290.7238       290.0536       289.1730       288.0648       287.1081    
 2043   286.8954       287.2112       287.7963       288.8828       289.9981       290.5781       290.8900       290.7533       290.0912       289.2273       288.1430       287.1965    
 2044   286.8377       287.0679       287.7413       288.8718       289.9261       290.6879       290.8306       290.6949       290.0675       289.1623       288.2967       287.3799    
 2045   287.0377       287.3801       288.0015       289.0956       290.1538       290.8936       291.0757       291.0162       290.3327       289.3511       288.4090       287.5615    
 2046   287.3833       287.4728       288.0889       289.1698       290.2494       290.8884       291.1634       291.1371       290.3185       289.4520       288.4226       287.6112    
 2047   287.3306       287.5208       288.0895       289.1252       290.1702       290.9978       291.3116       291.1716       290.5036       289.5096       288.3303       287.5465    
 2048   287.0299       287.5782       288.2683       289.1727       290.2773       290.9187       291.1758       291.0342       290.4767       289.5355       288.4077       287.5951    
 2049   287.1049       287.6644       288.3615       289.3107       290.2988       290.9738       291.1495       290.9728       290.2847       289.4221       288.4182       287.5422    
 2050   287.4785       287.6339       288.3475       289.1689       290.1477       290.9291       291.2643       291.0795       290.3601       289.3864       288.2929       287.5823    
 2051   287.1690       287.4276       288.1349       289.2182       290.1937       290.8940       291.1888       291.0125       290.4591       289.5875       288.4045       287.6019    
 2052   287.6161       287.6775       288.3948       289.2385       290.4600       291.1495       291.3837       291.3161       290.6945       289.7058       288.6113       287.8982    
 2053   287.6085       287.9001       288.5651       289.6220       290.5731       291.2678       291.4505       291.2000       290.6308       289.6685       288.6431       288.0767    
 2054   287.7915       287.9715       288.6516       289.6394       290.5580       291.4408       291.6096       291.5604       290.8619       289.9729       289.0811       288.1912    
 2055   287.8075       287.9772       288.7791       289.6334       290.7023       291.4721       291.6811       291.4902       290.6184       289.7788       288.8231       288.0571    
 2056   287.6818       288.0518       288.7324       289.6295       290.7204       291.4741       291.7410       291.5396       290.8696       290.0276       289.0668       288.2977    
 2057   287.8667       288.1882       288.9508       289.8418       290.9737       291.6686       291.9397       291.8420       291.0610       290.1333       289.2282       288.2449    
 2058   287.7906       288.2649       288.9661       289.8260       290.8646       291.5678       291.7238       291.7444       291.2046       290.3176       289.2005       288.7454    
 2059   288.3616       288.6131       289.2691       290.1666       291.1801       291.8871       292.1249       291.9473       291.2067       290.3650       289.4011       288.5471    
 2060   288.0350       288.2535       288.9541       289.8876       291.0889       291.8215       291.9851       291.8688       291.1893       290.2459       289.0930       288.3844    
 2061   288.1509       288.0978       288.8532       289.8530       290.9539       291.5333       291.8271       291.7338       290.8597       289.9847       289.0970       288.3628    
 2062   288.0591       288.2087       288.8560       289.8487       290.9453       291.6132       291.9381       291.9176       291.1253       290.0549       289.0977       288.4530    
 2063   288.0672       288.1188       288.7653       289.6994       290.8515       291.5204       291.7980       291.6431       290.9204       289.8837       289.0105       288.2530    
 2064   288.1219       288.1826       288.6800       289.7372       290.9323       291.7181       292.0770       291.8399       291.1273       290.2076       289.1188       288.4427    
 2065   288.2263       288.3236       288.8230       289.9305       291.0510       291.8858       292.0421       291.9706       291.3112       290.4154       289.4059       288.6484    
 2066   288.2393       288.5344       289.1295       290.0443       291.1765       291.9040       292.1040       292.2053       291.6137       290.6828       289.7105       288.9660    
 2067   288.6541       288.9956       289.4530       290.4252       291.3470       292.0054       292.4740       292.3459       291.7351       290.8322       289.7400       289.0372    
 2068   288.8484       288.9969       289.7295       290.5713       291.4921       292.1320       292.4890       292.3696       291.7263       290.7924       289.8651       289.0669    
 2069   288.7295       289.0237       289.5027       290.4643       291.5221       292.3201       292.6896       292.4576       291.7249       290.7468       289.7659       289.0876    
 2070   288.7641       289.0760       289.7532       290.5402       291.5328       292.3334       292.5363       292.5101       291.8345       290.8266       289.7546       289.0311    
 2071   288.6966       288.9940       289.7033       290.6284       291.5824       292.3288       292.5779       292.5444       291.8458       290.8026       289.7868       288.9510    
 2072   288.7733       288.8926       289.5182       290.4936       291.5032       292.3267       292.6456       292.5624       291.8078       290.8752       289.8415       289.1730    
 2073   288.9316       288.8384       289.5284       290.6106       291.5440       292.3344       292.5474       292.5480       291.9702       290.9382       289.9269       289.0995    
 2074   289.0813       289.2434       289.7922       290.6918       291.4814       292.3633       292.6449       292.6825       291.9317       290.9345       289.8199       289.2309    
 2075   288.7942       289.0868       289.6468       290.6721       291.7699       292.5400       292.9342       292.7759       292.0039       291.1047       290.1485       289.3972    
 2076   288.9221       288.9960       289.8614       290.7389       291.7730       292.4027       292.8380       292.7730       292.0405       291.1773       290.1508       289.5117    
 2077   289.1987       289.3523       289.9138       290.7704       291.8443       292.5001       292.9303       293.0261       292.3749       291.4869       290.3578       289.6993    
 2078   289.3329       289.4397       289.9757       290.8914       292.0284       292.5584       292.9523       292.9084       292.1574       291.1781       290.3189       289.5003    
 2079   289.1862       289.3582       290.0065       290.9454       292.0275       292.7363       293.1293       293.1974       292.4557       291.3708       290.3325       289.7992    
 2080   289.5802       289.7133       290.2458       291.2900       292.3904       293.0980       293.3463       293.3156       292.6717       291.6801       290.4886       289.8695    
 2081   289.6190       289.8740       290.2773       291.1636       292.1876       292.9485       293.4077       293.2298       292.7018       291.6128       290.5498       290.0098    
 2082   289.5830       289.8054       290.2412       291.3201       292.4030       292.9335       293.2422       293.1624       292.5697       291.6162       290.4405       289.6163    
 2083   289.2903       289.4881       290.2095       291.2072       292.1365       292.8413       293.3588       293.1745       292.5329       291.6136       290.7107       289.7969    
 2084   289.7913       289.8846       290.3631       291.2665       292.2256       292.9010       293.2664       293.2331       292.5329       291.6839       290.5554       289.8225    
 2085   289.7294       289.9007       290.0602       291.2896       292.3949       293.0641       293.4585       293.3464       292.6247       291.7115       290.6382       290.0513    
 2086   289.7709       290.0537       290.7484       291.5797       292.5070       293.2155       293.6355       293.5006       292.8688       291.9442       290.9814       289.9651    
 2087   289.8021       290.0512       290.6039       291.5977       292.5365       293.2708       293.6780       293.5999       292.9283       291.9966       290.6749       290.0295    
 2088   289.8712       290.0873       290.4427       291.6013       292.4654       293.1645       293.5318       293.4844       292.8241       291.9762       290.8191       289.9797    
 2089   289.7815       289.9445       290.5701       291.6193       292.4990       293.0933       293.6334       293.5608       292.8541       291.8737       290.8174       290.0277    
 2090   290.0155       290.1348       290.7408       291.6836       292.6807       293.3945       293.7279       293.5997       292.9521       292.0409       291.1287       290.3036    
 2091   290.3237       290.2795       290.8512       291.7646       292.7853       293.5533       293.8592       293.8110       292.9398       292.1649       291.1368       290.3470    
 2092   290.0919       290.3679       290.9922       291.7078       292.7184       293.4179       293.9000       293.7476       293.1274       292.2043       291.0622       290.5126    
 2093   290.2665       290.5806       291.0256       291.9542       292.9695       293.7339       294.0778       293.9439       293.2039       292.2648       291.3255       290.3354    
 2094   290.2403       290.3362       290.9158       291.8703       292.8092       293.5501       294.0370       293.9048       293.2799       292.1792       291.1897       290.4600    
 2095   290.2881       290.4155       290.9678       291.8987       292.8776       293.5745       293.9707       293.8738       293.2117       292.1196       291.0970       290.2936    
 2096   290.2191       290.4601       291.0762       291.7875       292.8542       293.5651       294.0452       293.9418       293.1282       292.2355       291.0576       290.3693    
 2097   290.1807       290.6401       291.2377       291.9791       292.8306       293.6822       294.0346       293.9627       293.3116       292.2410       291.2371       290.6377    
 2098   290.4497       290.5985       291.2685       292.1786       293.0357       293.6815       294.2734       294.1100       293.3669       292.3735       291.3048       290.3660    
 2099   290.4159       290.7115       291.3642       292.1180       293.1544       293.7927       294.2754       294.0974       293.4453       292.3835       291.5334       290.7851    
 2100   290.5722       290.8168       291.3877       292.3142       293.1624       293.9035       294.3254       294.3051       293.5085       292.4268       291.5732       290.8158    
