# using minimal fraction of valid points 30.00
# tas [K] from CCSR/NIES/FRCGC  model output prepared for IPCC Fourth Assessment 550 ppm stabilization experiment (SRES B1) r3i0p0
# cutting out region lon=   -1.406  358.594, lat=  -89.247   89.247
 2001   285.4092       285.6851       286.2380       287.1809       288.2430       288.9315       289.3062       289.1253       288.4220       287.3493       286.2696       285.7168    
 2002   285.5071       285.6400       286.2233       287.2429       288.2513       288.9377       289.2566       289.0943       288.2829       287.2579       286.1813       285.5752    
 2003   285.4382       285.6366       285.9690       287.0541       288.0928       288.8593       289.1760       288.8457       288.1407       287.2137       286.1227       285.6300    
 2004   285.2159       285.2550       285.9864       286.9777       287.9665       288.7313       289.1159       288.9094       288.0981       287.0908       286.1080       285.4799    
 2005   285.2196       285.4202       286.1579       287.1236       288.0921       288.8197       289.2612       289.0657       288.2331       287.0603       286.2394       285.6869    
 2006   285.3512       285.4299       286.0925       287.0898       288.1674       288.9619       289.3156       289.0437       288.0982       287.1990       286.3366       285.6698    
 2007   285.4649       285.4828       286.1479       287.2592       288.2712       288.8750       289.2368       289.0240       288.0880       287.1156       286.2368       285.6726    
 2008   285.4441       285.6495       286.3198       287.2810       288.1591       288.9112       289.1925       288.9376       288.0596       287.0434       286.1317       285.5490    
 2009   285.3707       285.3265       285.9916       286.8960       288.0385       288.7303       289.1668       288.8189       288.0313       287.0610       286.0968       285.6217    
 2010   285.4396       285.3625       285.9387       287.0290       288.0408       288.8253       289.0790       288.9243       288.1476       287.2100       286.3420       285.7080    
 2011   285.4420       285.4663       286.1310       287.3196       288.3499       289.0464       289.2167       289.0279       288.2664       287.1270       286.2734       285.7854    
 2012   285.4491       285.4953       286.1159       287.1424       288.1702       288.9152       289.2386       289.0339       288.3990       287.2923       286.3000       285.6587    
 2013   285.3659       285.7529       286.0905       287.0937       288.2475       288.9913       289.3339       289.0287       288.3885       287.3446       286.3605       285.8910    
 2014   285.6001       285.6714       286.1668       287.2595       288.2782       289.0507       289.4642       289.1870       288.3910       287.3972       286.4015       285.8199    
 2015   285.5943       285.5881       286.2163       287.1770       288.2155       288.9959       289.2981       289.0896       288.3309       287.3665       286.4649       285.8422    
 2016   285.5837       285.6473       286.3470       287.3572       288.3650       289.2385       289.5746       289.3433       288.5437       287.4720       286.5661       285.8760    
 2017   285.5501       285.7200       286.3126       287.4104       288.2837       289.0711       289.3734       289.1925       288.4258       287.4332       286.5922       285.8264    
 2018   285.5608       285.8446       286.4895       287.4352       288.4715       289.2469       289.5895       289.3206       288.6184       287.6545       286.7787       286.2325    
 2019   285.6925       285.7052       286.4305       287.4059       288.5105       289.2888       289.5855       289.4086       288.6439       287.5710       286.5977       285.8665    
 2020   285.6903       285.9951       286.4190       287.4260       288.5165       289.2054       289.5615       289.2943       288.4069       287.3317       286.3830       285.6144    
 2021   285.3311       285.4783       286.1772       287.1992       288.2585       288.9353       289.3351       289.2036       288.3490       287.2445       286.3231       285.6791    
 2022   285.5643       285.5329       286.1884       287.2172       288.3402       289.0772       289.4270       289.2896       288.5137       287.4678       286.4668       285.8054    
 2023   285.6114       285.8767       286.3814       287.3912       288.5312       289.3202       289.7208       289.4228       288.6401       287.6070       286.6414       285.8945    
 2024   285.7173       285.7149       286.4489       287.5159       288.5084       289.1629       289.5642       289.3501       288.5833       287.5186       286.4927       285.8564    
 2025   285.7082       286.0061       286.3919       287.4035       288.4895       289.2437       289.4862       289.2259       288.5427       287.4317       286.5787       285.9046    
 2026   285.6255       285.5955       286.2203       287.3180       288.2997       289.2264       289.4943       289.2365       288.4840       287.3605       286.4441       285.9134    
 2027   285.4527       285.6706       286.3500       287.2093       288.3737       289.1802       289.4538       289.3577       288.5504       287.4686       286.5030       286.0379    
 2028   285.7640       285.8745       286.3932       287.4323       288.4796       289.2898       289.6348       289.4156       288.5858       287.6678       286.7300       285.9589    
 2029   285.6948       285.6709       286.6171       287.5680       288.6146       289.3768       289.6916       289.4578       288.6454       287.5963       286.5352       285.8812    
 2030   285.6650       285.7593       286.3294       287.4247       288.3972       289.1339       289.4966       289.2756       288.3553       287.2982       286.3255       285.7239    
 2031   285.3817       285.6997       286.3524       287.2996       288.3775       289.2671       289.6049       289.2875       288.5752       287.5090       286.6038       286.1283    
 2032   285.7985       285.9239       286.6752       287.5035       288.5516       289.4092       289.7998       289.6177       288.8001       287.8022       286.8651       286.1541    
 2033   285.9643       285.9380       286.7311       287.7638       288.7385       289.3751       289.8363       289.5704       288.7772       287.8653       286.9837       286.2448    
 2034   286.1719       286.2406       286.7638       287.7192       288.8799       289.6160       289.9631       289.5794       288.8909       287.9031       286.8708       286.3285    
 2035   285.9322       286.0555       286.8083       287.7078       288.7428       289.5030       289.7783       289.6199       288.7984       287.8175       286.9189       286.1939    
 2036   286.0280       286.2104       286.8777       287.6714       288.7638       289.4758       289.9069       289.7074       288.8688       287.8849       287.0096       286.4056    
 2037   286.2027       286.3573       287.0443       287.9426       288.9654       289.7450       290.1581       289.9215       289.1497       288.2233       287.4059       286.5020    
 2038   286.1794       286.2833       286.8769       287.9809       289.1377       289.9143       290.1042       289.8690       289.0645       287.9956       287.2110       286.5980    
 2039   286.1926       286.4611       286.9323       287.8271       288.8779       289.5283       289.8306       289.5981       288.8855       287.9229       286.9314       286.3491    
 2040   285.9515       286.1144       286.7376       287.7956       288.7792       289.6264       289.8923       289.5298       288.7592       287.6952       286.8121       286.3625    
 2041   286.1424       286.2240       286.5836       287.6536       288.6496       289.4072       289.9211       289.8068       289.0829       287.9661       287.1665       286.4993    
 2042   285.9467       286.0888       286.7983       287.8830       288.7674       289.4566       289.8331       289.6752       288.8894       287.7824       286.9395       286.3009    
 2043   286.1370       286.1442       286.7457       287.8526       288.7998       289.5671       289.8954       289.7731       288.9387       287.9338       286.9989       286.4521    
 2044   286.0585       286.2332       286.9593       287.9312       288.9597       289.6974       290.1636       289.8445       289.0873       287.9770       287.1934       286.4933    
 2045   286.1418       286.4053       287.0426       287.9185       288.8655       289.7389       290.1487       289.8529       289.0686       288.1311       287.1786       286.5273    
 2046   286.2688       286.3159       286.9304       287.8105       288.9831       289.6537       289.9629       289.6459       288.9951       287.9400       286.9484       286.4599    
 2047   286.1524       286.3593       286.9345       287.9196       288.9532       289.6123       289.9838       289.6859       288.9440       287.7792       286.8105       286.3698    
 2048   286.1797       286.3322       286.9155       287.6938       288.6643       289.5425       289.8870       289.6712       288.9498       288.0066       287.0786       286.4105    
 2049   286.1387       286.2173       286.9665       287.8387       288.8970       289.6308       290.0621       289.7004       288.8581       287.9684       287.0237       286.4616    
 2050   286.1253       286.1121       286.8320       287.9164       288.8879       289.5935       289.9403       289.7095       288.9732       288.0376       287.1639       286.4569    
 2051   286.1218       286.3336       287.0210       287.9215       289.0013       289.7800       290.0654       289.8857       289.1719       288.0631       287.2251       286.6304    
 2052   286.4085       286.4861       287.0784       288.1372       289.0626       289.7281       290.2376       290.0608       289.3170       288.2885       287.2702       286.7136    
 2053   286.4522       286.3837       286.9968       288.2395       289.2463       289.9731       290.2863       290.0065       289.2383       288.1765       287.1748       286.5236    
 2054   286.3025       286.4870       286.9831       288.1394       289.1988       289.8559       290.2356       290.0518       289.2946       288.3035       287.3698       286.7566    
 2055   286.4276       286.5097       287.2543       288.1716       289.0875       289.8579       290.2459       290.0410       289.2973       288.2873       287.2966       286.7159    
 2056   286.3610       286.7233       287.2387       288.2817       289.2098       289.8788       290.2492       290.1055       289.3936       288.4073       287.3867       286.7882    
 2057   286.4512       286.4684       287.0350       288.1095       289.1916       290.0111       290.2275       290.2101       289.4368       288.2391       287.3980       286.7611    
 2058   286.6809       286.8169       287.3457       288.2904       289.2098       289.9140       290.3596       290.1265       289.4489       288.4350       287.5969       287.0810    
 2059   286.9670       286.9752       287.5182       288.4137       289.5292       290.1942       290.5775       290.4245       289.7111       288.5473       287.6077       287.1730    
 2060   286.8133       286.7933       287.5117       288.3669       289.3981       290.1591       290.5004       290.3144       289.7993       288.6764       287.7857       287.1961    
 2061   286.7695       286.9474       287.4616       288.4508       289.3832       290.1172       290.4998       290.1608       289.4531       288.5395       287.6272       286.8011    
 2062   286.6580       286.7722       287.3411       288.2193       289.2723       290.1233       290.4624       290.1978       289.4796       288.3852       287.4580       286.8438    
 2063   286.5724       286.6720       287.2594       288.1963       289.2718       289.9914       290.4320       290.3864       289.6081       288.5065       287.6245       287.1021    
 2064   286.6890       287.0951       287.6214       288.4886       289.4654       290.2706       290.6199       290.4555       289.7355       288.6447       287.7281       287.2070    
 2065   287.0038       287.1640       287.8383       288.6922       289.7005       290.4003       290.8637       290.6010       289.9727       288.9230       287.9033       287.1075    
 2066   286.8810       287.0175       287.6856       288.5106       289.4491       290.2555       290.5602       290.3606       289.6596       288.7227       287.5926       287.0638    
 2067   286.5318       286.6851       287.3918       288.4773       289.4503       290.1877       290.5915       290.3936       289.6115       288.7335       287.8707       287.1764    
 2068   287.0300       287.1522       287.6974       288.5938       289.5771       290.3340       290.6046       290.4301       289.4962       288.6127       287.7368       287.0572    
 2069   286.7293       286.9336       287.2595       288.4465       289.4583       290.1685       290.5712       290.4000       289.6660       288.6660       287.6875       287.1598    
 2070   286.9896       287.1450       287.6299       288.5666       289.6339       290.3951       290.7743       290.4520       289.6793       288.7789       287.7820       287.2598    
 2071   287.0759       287.0804       287.6863       288.6244       289.6476       290.3794       290.6464       290.4820       289.6199       288.5774       287.7033       287.0561    
 2072   286.9039       287.0549       287.5858       288.5931       289.4030       290.2597       290.4345       290.2357       289.4784       288.6157       287.8148       287.0811    
 2073   286.9556       286.9401       287.4772       288.4260       289.4439       290.2548       290.5587       290.3510       289.5999       288.5545       287.7169       287.1567    
 2074   286.9350       286.9114       287.4706       288.3965       289.3744       290.1950       290.6321       290.4309       289.6342       288.6856       287.7955       287.2935    
 2075   287.0403       286.9272       287.4441       288.4789       289.3952       290.2646       290.5714       290.4256       289.6330       288.6832       287.7184       286.9725    
 2076   286.9605       287.0377       287.5790       288.4752       289.4301       290.2356       290.6244       290.4520       289.6406       288.6131       287.7755       287.1521    
 2077   286.9219       287.0645       287.4886       288.4930       289.3484       290.2916       290.6020       290.3489       289.7582       288.8064       287.8391       287.1966    
 2078   286.8919       287.1135       287.5836       288.3541       289.4664       290.2018       290.6164       290.3246       289.5556       288.6411       287.8259       287.2350    
 2079   286.8157       286.9174       287.5013       288.3444       289.3967       290.1562       290.5829       290.3247       289.7249       288.7594       287.8861       287.1098    
 2080   286.8350       286.9656       287.6097       288.5242       289.6526       290.3578       290.5858       290.3573       289.6617       288.7791       287.7788       287.1563    
 2081   286.8253       286.9277       287.6792       288.5571       289.4387       290.1317       290.6332       290.4711       289.7893       288.7916       287.8794       287.3766    
 2082   287.1382       287.1438       287.7274       288.8385       289.8322       290.6076       290.9427       290.8133       290.0049       289.0491       288.0945       287.3218    
 2083   287.1776       287.1705       287.7328       288.6075       289.6127       290.4194       290.8659       290.6020       289.9843       288.8912       287.8366       287.3411    
 2084   286.9889       286.9526       287.6222       288.4866       289.6696       290.2826       290.6464       290.5232       289.8451       288.7930       287.9278       287.3929    
 2085   286.9995       287.2496       287.6225       288.6384       289.6148       290.3655       290.8132       290.5544       289.9608       288.9305       287.9533       287.1355    
 2086   286.9211       286.9680       287.7499       288.8154       289.7596       290.4601       290.7241       290.6754       289.9665       288.9637       288.0797       287.4294    
 2087   287.1206       287.2425       287.8177       288.8723       289.8747       290.5454       290.9429       290.6703       289.8375       288.8726       287.8824       287.4579    
 2088   287.0338       287.2735       287.6641       288.6137       289.6314       290.3757       290.6999       290.5690       289.8689       288.9154       288.0657       287.4133    
 2089   287.3066       287.2673       287.6846       288.9514       289.7745       290.5392       290.8746       290.7946       290.0583       288.9768       288.1442       287.4853    
 2090   287.0105       287.2372       287.9505       288.8083       289.7597       290.6241       290.9010       290.8086       290.1090       289.0928       288.1049       287.3928    
 2091   287.2169       287.3802       288.0176       288.9088       289.8292       290.4979       290.8235       290.7265       290.0496       289.1093       288.2355       287.6496    
 2092   287.4698       287.5924       288.0107       288.8401       289.9750       290.6601       291.0468       290.7755       290.0943       289.1681       288.1117       287.4139    
 2093   287.2744       287.1883       287.9102       288.8587       289.8413       290.5751       291.0619       290.7149       290.0788       289.0135       288.1289       287.6275    
 2094   287.3941       287.4384       287.9482       289.0567       289.9523       290.7178       291.1433       290.9788       290.2312       289.2415       288.3082       287.8024    
 2095   287.5534       287.6634       288.2660       289.0509       289.9275       290.6380       291.0656       290.7365       290.0734       289.0773       288.2402       287.6831    
 2096   287.3750       287.4860       287.8984       289.0382       289.9950       290.6487       290.9881       290.9311       290.1305       289.3135       288.4263       287.8654    
 2097   287.3796       287.8145       288.2701       289.0524       289.9544       290.7919       291.1469       290.9340       290.2515       289.2674       288.3264       287.6231    
 2098   287.4665       287.5771       288.0845       288.7523       289.7828       290.4912       290.9374       290.7347       290.0821       289.0979       288.0842       287.4255    
 2099   287.2616       287.3206       287.9064       288.8801       289.8100       290.5770       290.9329       290.7767       290.0562       289.0471       288.1990       287.5522    
 2100   287.2728       287.4475       287.9467       288.9015       289.7953       290.6013       290.8220       290.6917       289.9969       289.0788       288.1678       287.5496    
