# using minimal fraction of valid points 30.00
# tas [K] from MRI-CGCM3 model output prepared for CMIP5 RCP4.5 r1i1p1
# cutting out region lon=    0.000  360.000, lat=  -90.000   90.000
 1861   284.6621       285.2028       286.1620       286.8931       287.7561       288.5649       288.8699       288.5735       287.6549       286.2888       285.4466       284.8221    
 1862   285.0214       285.3304       285.8961       286.9986       287.8106       288.6078       288.9498       288.7174       287.8854       286.4666       285.0964       284.7882    
 1863   284.8266       285.2385       286.0126       286.8777       287.6556       288.3110       288.8499       288.5601       287.6517       286.5471       285.4400       285.1953    
 1864   284.9941       285.5728       285.9663       286.9456       287.6776       288.3745       288.9063       288.5602       287.6004       286.3965       285.3489       284.8022    
 1865   284.9805       285.1978       285.8997       286.8098       287.6944       288.5537       288.7519       288.5727       287.8349       286.4499       285.2100       284.8246    
 1866   285.0534       285.0972       285.9611       286.8169       287.6705       288.4434       288.7337       288.7523       287.6572       286.2977       285.2018       284.7981    
 1867   284.8609       285.1289       285.7856       286.8035       287.5546       288.4642       288.9009       288.7089       287.5777       286.3278       285.0950       284.5557    
 1868   284.8005       285.0533       286.0104       286.8987       287.8037       288.5420       288.9626       288.5377       287.5518       286.2593       285.4028       284.7528    
 1869   284.8431       285.3351       285.9429       286.6598       287.6743       288.3524       288.9150       288.5869       287.7454       286.3700       285.0889       284.7521    
 1870   284.9938       285.6921       285.9565       286.9573       287.6147       288.5474       288.8884       288.4319       287.6506       286.4291       285.4204       284.8758    
 1871   284.8508       285.4503       286.0409       286.8358       287.8260       288.3793       288.8375       288.7004       287.8698       286.4218       285.2880       284.8829    
 1872   284.9205       285.2552       286.0239       286.9077       287.8450       288.5323       289.1391       288.6559       287.7992       286.5289       285.3772       284.8047    
 1873   284.9511       285.1616       285.8113       286.8659       287.4738       288.4353       288.8946       288.7398       287.7123       286.5598       285.4270       284.9449    
 1874   284.9472       285.1858       286.0509       287.0270       287.8155       288.7234       289.2037       288.7017       287.8606       286.5045       285.4435       284.8903    
 1875   285.0345       285.2205       286.1144       286.7493       287.8341       288.4436       288.9402       288.7435       287.9312       286.4713       285.4185       285.0414    
 1876   284.7239       285.2822       286.3662       286.9733       287.9742       288.6229       288.9361       288.7104       287.8615       286.3382       285.2115       284.7917    
 1877   284.7287       285.1306       285.5924       286.7352       287.6003       288.4561       288.8947       288.3517       287.5724       286.3985       285.2467       284.6543    
 1878   284.6132       285.0381       285.9244       286.6711       287.5735       288.5800       288.9464       288.6966       287.6709       286.5551       285.3845       284.9438    
 1879   285.0047       285.4309       286.2119       287.1003       287.8494       288.8140       289.0287       288.7075       287.7461       286.4290       285.4594       284.9882    
 1880   285.2127       285.3875       285.8770       286.9722       287.7636       288.4837       288.9966       288.6100       287.5997       286.3258       285.1978       284.7286    
 1881   284.9036       285.4082       286.2160       286.8391       287.7816       288.4680       288.8656       288.5840       287.7892       286.6097       285.6178       285.0404    
 1882   285.0903       285.5600       286.2656       287.1054       288.0402       288.6965       289.0159       288.8109       287.8012       286.4064       285.1768       284.8695    
 1883   285.0165       285.2842       285.8229       286.8141       287.6901       288.5273       288.7049       288.6751       287.7906       286.2742       285.0969       284.4684    
 1884   284.5503       284.9688       285.7539       286.4827       287.4471       288.2214       288.4459       288.1340       287.2301       285.9077       284.9007       284.4587    
 1885   284.7117       285.1062       285.6160       286.5816       287.6548       288.3081       288.6604       288.2986       287.5836       286.2419       285.1314       284.5955    
 1886   284.5439       284.9674       285.8955       286.5922       287.5228       288.3725       288.8044       288.5509       287.5568       286.1787       284.8148       284.5371    
 1887   284.7121       285.0020       285.6050       286.5175       287.3222       288.3262       288.7665       288.3941       287.6994       286.4234       285.2619       284.4115    
 1888   284.6485       285.0947       285.9758       286.7119       287.6089       288.3187       288.9797       288.5337       287.5361       286.2686       285.1557       284.6581    
 1889   284.8700       285.1907       286.0589       286.8262       287.6418       288.4768       288.8940       288.4998       287.6373       286.4685       285.2901       284.6592    
 1890   284.7704       285.2266       285.7679       286.7126       287.6497       288.3083       288.6871       288.5869       287.5820       286.3370       285.1457       284.7883    
 1891   284.7669       285.2322       285.9869       286.8465       287.6955       288.4764       288.7716       288.4551       287.6449       286.2981       285.1042       284.4862    
 1892   284.9001       285.0573       285.8925       286.7785       287.5976       288.5261       288.8358       288.5110       287.6570       286.3591       285.4470       284.9698    
 1893   285.2089       285.5830       286.1516       286.8873       287.8574       288.5900       288.7854       288.5285       287.7973       286.3571       285.2511       284.6884    
 1894   284.8300       285.1746       285.8625       286.8588       287.7088       288.5640       288.7995       288.4882       287.7683       286.3914       285.3378       284.9442    
 1895   285.0127       285.3729       285.8934       286.8145       287.6274       288.3902       288.9860       288.6449       287.7469       286.4240       285.3244       284.7901    
 1896   284.5209       285.2959       286.0277       286.9354       287.7148       288.7762       288.9650       288.5695       287.6235       286.4285       285.4908       284.7789    
 1897   284.7183       285.0194       285.6053       286.7159       287.9095       288.6297       288.9507       288.5233       287.6887       286.2662       285.2826       284.6950    
 1898   284.9497       284.9706       285.8251       286.8716       287.7084       288.4620       288.8919       288.4176       287.4834       286.3027       285.3973       285.0220    
 1899   284.9594       285.3264       286.1271       286.8870       287.7183       288.3721       288.9370       288.4825       287.5802       286.3336       285.3661       285.0571    
 1900   284.9864       285.2185       285.9216       286.7243       287.7382       288.7903       288.8462       288.5675       287.5721       286.2530       285.0914       284.5334    
 1901   284.8938       285.1879       285.8685       286.7830       287.7277       288.3713       288.8066       288.5147       287.6547       286.5649       285.3091       284.5821    
 1902   284.8080       285.4595       285.9245       286.8334       287.8597       288.5306       288.8042       288.6179       287.7595       286.6399       285.2987       284.4484    
 1903   284.6104       284.9367       285.5820       286.5213       287.4507       288.2599       288.4868       288.0426       287.1834       285.6630       284.8277       284.4315    
 1904   284.2952       285.0320       285.7754       286.5911       287.5511       288.1957       288.6219       288.1844       287.3949       286.0730       284.9318       284.6462    
 1905   284.7730       285.1844       285.8245       286.6659       287.3894       288.2896       288.6179       288.3464       287.4863       286.3625       285.2242       284.7013    
 1906   284.7754       285.0976       285.7599       286.7115       287.8468       288.4662       288.8386       288.5194       287.5654       286.3365       285.2267       284.8961    
 1907   284.9513       285.0623       285.6027       286.6544       287.5197       288.5484       288.8246       288.5436       287.6567       286.4536       285.4340       284.9393    
 1908   284.9316       285.5592       286.2697       287.1422       288.0652       288.8781       289.0159       288.6821       287.6797       286.3563       285.2294       284.9144    
 1909   284.9872       285.5393       286.1715       287.1536       288.0013       288.7666       288.9931       288.6129       287.8028       286.4952       285.4965       284.7414    
 1910   284.9442       285.3965       285.9810       287.1319       287.8365       288.4316       288.8754       288.6279       287.7953       286.5600       285.3913       284.7381    
 1911   284.9055       285.5071       285.8409       286.8225       287.6397       288.3778       288.7655       288.5174       287.7425       286.5174       285.3950       284.7787    
 1912   284.9599       285.3209       285.9991       286.9059       287.7423       288.3857       289.0099       288.4408       287.6737       286.3571       285.1613       285.0145    
 1913   285.0476       285.3718       286.0026       286.8079       287.5955       288.5390       288.8573       288.6092       287.7430       286.5298       285.3396       284.9513    
 1914   284.7312       285.3075       285.9688       287.0252       287.9526       288.4709       288.9904       288.6415       287.7660       286.4892       285.5047       285.1642    
 1915   284.9273       285.2891       286.0085       286.9021       287.8106       288.4861       288.9326       288.7669       287.8296       286.5133       285.5049       284.9218    
 1916   285.1052       285.6195       286.1247       286.8669       287.7915       288.5276       288.9827       288.6537       287.6775       286.3121       285.2593       284.9514    
 1917   285.1875       285.4503       286.2495       286.8147       287.7348       288.4850       288.8748       288.6671       287.7460       286.5223       285.4485       284.9168    
 1918   285.2112       285.3007       285.9050       287.0186       287.7953       288.6290       288.9778       288.8522       287.8310       286.4960       285.5400       285.0264    
 1919   284.9337       285.0632       285.6367       286.7746       287.6146       288.3370       288.8918       288.6804       287.8552       286.6001       285.5913       285.0877    
 1920   285.1295       285.4025       286.2977       286.9150       287.8008       288.7841       289.0122       288.5672       288.0198       286.6128       285.4677       284.9627    
 1921   285.1202       285.5780       286.1385       287.1529       287.9616       288.7286       289.0050       288.7673       288.1306       286.6817       285.5151       285.0150    
 1922   285.3245       285.4593       285.9740       286.8311       287.9123       288.6934       289.2630       288.8000       287.8421       286.5577       285.5040       285.0122    
 1923   285.0521       285.2355       285.8790       286.8423       287.6135       288.4677       288.8275       288.5525       287.8468       286.5297       285.5387       284.7331    
 1924   284.8347       285.5162       286.1542       286.9852       287.9435       288.6764       289.0712       288.5800       287.7816       286.4676       285.5213       285.2061    
 1925   285.1510       285.6740       286.1576       286.9964       288.0022       288.6628       288.9594       288.6201       287.7101       286.4617       285.4748       284.7433    
 1926   285.0335       285.2749       285.8984       286.7461       287.8015       288.5755       288.8810       288.5491       287.6271       286.4387       285.4492       285.0532    
 1927   284.9673       285.2619       285.9397       286.8566       287.7653       288.5154       288.9633       288.6781       287.7645       286.5323       285.4564       284.8703    
 1928   284.8289       285.5831       286.3047       287.0541       287.8757       288.6989       288.9375       288.9001       287.7086       286.4025       285.5529       285.0350    
 1929   285.0597       285.4453       285.8966       286.8945       287.8528       288.5164       289.0710       288.5452       287.7803       286.5178       285.4912       284.9175    
 1930   284.7104       285.2878       285.9424       286.8695       287.7587       288.6973       288.9504       288.6313       287.8948       286.7140       285.4532       284.8605    
 1931   285.0015       285.2674       285.8471       286.8579       287.6994       288.4615       289.0406       288.6877       287.8648       286.5434       285.4673       285.0312    
 1932   285.1443       285.5319       286.0520       286.8494       287.8251       288.6451       288.9162       288.7159       287.6650       286.5525       285.3286       285.0816    
 1933   284.9513       285.4257       285.9379       286.6999       287.6308       288.4886       288.8799       288.4644       287.6463       286.3500       285.3560       284.7806    
 1934   284.7082       285.1861       286.0961       287.1487       287.8395       288.5208       288.9665       288.6341       287.9045       286.7437       285.9325       285.3816    
 1935   285.5949       285.7915       286.5335       287.0634       288.1236       288.8586       289.1335       288.7575       288.0226       286.7310       285.4670       284.9932    
 1936   285.1376       285.7472       286.1606       287.0430       287.9302       288.5750       289.0194       288.7048       287.8025       286.6461       285.5240       285.1284    
 1937   284.9756       285.6620       286.2593       287.1000       287.9608       288.8130       289.1150       288.8687       287.9396       286.7206       285.6031       285.1808    
 1938   285.2706       285.6932       286.2187       287.1057       288.0111       288.8633       289.0454       288.7128       287.7773       286.5042       285.6851       285.0118    
 1939   285.1788       285.4458       286.0988       287.0826       287.8861       288.6485       289.1902       288.9050       287.8849       286.7137       285.5903       285.1623    
 1940   285.1204       285.8130       286.2356       287.1026       287.9203       288.6614       288.9063       288.7430       287.6850       286.4321       285.3838       284.8430    
 1941   284.7482       285.5656       286.1180       286.8280       287.7485       288.3840       288.9135       288.6653       287.6152       286.4989       285.7436       284.8003    
 1942   285.0263       285.5040       286.1673       287.1852       287.9886       288.6927       289.1787       288.6611       287.7745       286.7117       285.6096       285.0432    
 1943   284.9586       285.3318       285.9856       286.8115       287.8133       288.6125       289.0823       288.6640       287.8619       286.4754       285.3203       284.9293    
 1944   284.9058       285.1051       285.8493       286.8449       287.7257       288.6882       288.8307       288.6129       287.8938       286.7348       285.4297       284.8850    
 1945   285.0958       285.1505       285.9035       287.0224       287.7669       288.4605       289.0975       288.6759       287.7907       286.4869       285.4724       284.9180    
 1946   285.1253       285.8040       286.2637       287.0331       287.9007       288.6367       289.1102       288.6752       287.8849       286.7241       285.6738       285.1456    
 1947   285.2019       285.3695       286.2895       286.7517       287.7485       288.5965       288.9742       288.7288       287.7362       286.4348       285.4391       284.8622    
 1948   285.0265       285.3783       286.3287       287.0759       288.0015       288.7886       289.2163       288.8347       287.7803       286.6821       285.6933       285.0296    
 1949   285.2596       285.5370       286.3983       287.0893       288.0092       288.7403       289.0294       288.7508       287.9702       286.7338       285.5332       285.0854    
 1950   284.9265       285.4771       286.0331       286.9814       287.8796       288.7353       289.0349       288.5257       287.9162       286.5214       285.2780       284.8360    
 1951   285.0053       285.5247       285.9087       286.9562       287.8366       288.5197       289.0353       288.6370       287.7692       286.7134       285.5926       284.7803    
 1952   284.8728       285.5060       285.8127       287.0234       287.9243       288.6342       288.9842       288.4741       287.6383       286.5249       285.5609       285.0920    
 1953   285.0815       285.4162       286.1373       286.8918       287.8784       288.7791       288.9521       288.7434       287.8298       286.6273       285.6537       285.1110    
 1954   284.9301       285.4377       286.0620       287.0974       287.9489       288.7012       289.1841       288.7835       287.9253       286.7182       285.6860       285.0479    
 1955   285.2788       285.4730       286.1840       287.1041       288.0107       288.7519       289.0338       288.7218       287.8515       286.5631       285.4762       285.1158    
 1956   285.1983       285.5718       286.2457       287.0598       287.9348       288.7151       289.1115       288.6743       287.8162       286.3743       285.4187       284.8802    
 1957   284.8325       285.2300       286.0737       287.0019       287.7839       288.6283       288.9533       288.5294       287.7470       286.5965       285.3071       285.0379    
 1958   284.8589       285.2767       285.8922       286.9358       287.8733       288.6514       288.9272       288.8240       287.9149       286.6026       285.6689       285.2139    
 1959   285.1859       285.4171       286.0589       286.9887       287.9090       288.7066       289.0687       288.5919       287.8401       286.6572       285.6842       285.0454    
 1960   285.0500       285.3402       286.0190       287.0780       288.1355       288.8210       289.0214       288.8182       287.8252       286.6731       285.6358       285.1309    
 1961   285.2274       285.6653       286.2071       287.1602       287.8922       288.6262       289.0403       288.7324       287.9629       286.7615       285.5492       284.9966    
 1962   285.0373       285.3374       286.1157       287.0551       287.9363       288.6150       288.9742       288.5389       287.8769       286.6058       285.5309       285.0926    
 1963   285.0980       285.6499       286.3086       287.1214       288.0688       288.7083       289.1825       288.8268       287.9443       286.6719       285.6989       285.0696    
 1964   284.8720       285.5041       286.2579       287.0844       287.9704       288.6316       288.9763       288.6249       287.7989       286.5961       285.7293       284.8642    
 1965   285.0267       285.3206       285.9091       287.0291       287.7712       288.5539       288.8934       288.7549       287.7843       286.4360       285.3200       284.8789    
 1966   284.8024       285.1761       286.0789       287.0127       287.7629       288.4913       289.0182       288.5766       287.7866       286.6530       285.4164       285.0648    
 1967   284.9411       285.4827       286.0225       287.0511       287.8210       288.5185       289.0350       288.5551       287.6166       286.4745       285.5245       285.0682    
 1968   285.2393       285.4810       286.1191       287.1747       287.8772       288.5516       289.0503       288.9092       287.9418       286.4334       285.2834       284.8062    
 1969   285.0618       285.6331       286.3586       287.2970       288.0131       288.8673       289.1019       288.7629       287.9287       286.6741       285.5152       284.9429    
 1970   284.9748       285.4307       286.2550       287.1019       288.0492       288.6772       289.1661       288.8003       288.0619       286.7655       285.4888       285.1935    
 1971   285.1711       285.5990       286.1470       287.1967       288.0314       288.8516       289.0701       288.8671       288.0973       286.8133       285.5903       285.3074    
 1972   285.0216       285.8587       286.3799       287.2785       287.9770       288.6931       289.0671       288.6572       287.9035       286.6101       285.4754       285.0000    
 1973   285.2711       285.6287       286.0596       287.0496       287.9548       288.7695       288.9649       288.6311       287.6436       286.6860       285.5561       285.0186    
 1974   284.8676       285.4182       286.0425       286.9749       287.9258       288.6610       288.9634       288.6698       287.7734       286.7872       285.5032       284.9512    
 1975   285.0928       285.4085       286.4496       287.0453       287.8767       288.5578       289.0820       288.7039       288.0201       286.6924       285.9201       285.1215    
 1976   285.1635       285.5838       286.1902       287.2706       288.0822       288.7636       289.3540       288.9591       288.0071       286.8235       285.7298       285.2713    
 1977   285.3818       285.8079       286.5641       287.2362       288.1171       288.7972       289.2430       288.9878       288.0663       286.7298       285.6239       285.3967    
 1978   285.5398       285.7801       286.0671       287.1225       287.9143       288.6580       288.9475       288.7948       288.0729       286.6789       285.7637       285.2459    
 1979   285.7312       285.7061       286.3480       287.2304       288.0226       288.8033       289.0979       288.8860       287.9651       286.7087       285.4792       285.2265    
 1980   285.3573       285.5913       286.3617       287.1956       288.0003       288.7815       289.1077       288.7683       287.7841       286.6982       285.6900       285.1367    
 1981   285.3456       285.5715       286.0857       287.1257       288.0624       288.8348       289.1035       288.7852       288.1497       286.8841       285.7927       285.3022    
 1982   285.2515       285.6688       286.5542       287.3657       288.0239       288.8230       289.2805       288.8028       288.0603       286.5292       285.7185       285.1185    
 1983   285.2841       285.5113       286.1285       287.0429       287.9856       288.9327       289.2774       289.0691       288.0818       286.6424       285.9461       285.3199    
 1984   285.4239       285.6663       286.3638       287.2197       288.1150       288.7643       289.2067       289.0308       288.0381       286.7928       285.9272       285.2046    
 1985   285.5745       286.1023       286.3517       287.1757       288.2287       288.9840       289.3730       288.8704       287.9298       286.6307       285.6092       285.1111    
 1986   285.1192       285.7893       286.2215       287.0243       287.8529       288.5781       288.9711       288.7066       287.9613       286.5256       285.4579       285.0235    
 1987   285.4312       285.6352       286.3615       287.3492       288.1305       288.8846       289.0960       288.8322       287.9629       286.7051       285.5714       285.0080    
 1988   284.9959       285.5602       286.2081       286.8333       287.9554       288.6667       289.0602       288.7945       287.9692       286.9776       285.8358       285.1935    
 1989   285.4258       285.3494       286.3451       287.4084       288.0549       288.8258       289.2185       288.9022       288.0637       286.8268       285.8393       285.5409    
 1990   285.4035       285.5557       286.5800       287.2746       288.0762       288.7865       289.0595       288.9771       288.1439       286.9370       285.7339       285.4184    
 1991   285.3765       285.9781       286.3434       287.4727       288.1066       288.8786       289.2374       288.9889       288.1537       286.9155       285.6898       285.0647    
 1992   285.2706       285.7179       286.0786       286.8585       287.8294       288.4732       289.0355       288.5777       287.7499       286.5065       285.6826       284.9617    
 1993   285.3393       285.9086       286.0995       286.9208       288.0393       288.7895       289.1595       288.7995       287.8798       286.6832       285.5299       284.9883    
 1994   285.2523       285.4929       286.0504       286.9330       287.7514       288.5046       289.1386       288.8402       287.8809       286.5575       285.4623       285.0779    
 1995   285.2646       285.7852       286.2151       286.9947       288.0405       288.7712       289.1860       288.9173       288.1129       286.7233       285.7906       285.3816    
 1996   285.2417       285.9995       286.4236       287.0899       288.0914       288.9807       289.1839       288.8703       287.9692       286.8653       285.7752       285.3070    
 1997   285.4556       285.8900       286.0846       287.1660       288.0559       288.9310       289.1576       288.7383       288.0100       286.8117       285.9036       285.3908    
 1998   285.2167       285.8138       286.7122       287.3954       288.1369       288.8467       289.1145       288.8199       288.0153       286.7950       285.6888       285.1930    
 1999   285.0805       285.6641       286.4040       287.0500       287.9830       288.7713       289.3314       288.8259       288.0880       287.0123       285.8742       285.1820    
 2000   285.3279       285.5084       286.5159       287.5066       288.2167       289.0766       289.4841       288.9278       288.0703       286.8858       285.6895       285.1127    
 2001   285.3875       285.8522       286.3485       287.2759       288.1794       288.8317       289.3258       288.9751       288.1760       286.8429       285.8293       285.3263    
 2002   285.4289       285.7016       286.3529       287.3517       288.2917       288.9042       289.3823       289.0873       288.0077       287.0088       285.8910       285.4770    
 2003   285.4024       286.0629       286.5783       287.2993       288.2271       288.9709       289.2771       289.0320       288.1559       287.2021       286.0551       285.4675    
 2004   285.3249       285.8789       286.5716       287.5697       288.2267       288.8971       289.4311       289.1339       288.2491       286.9607       285.8920       285.5002    
 2005   285.3873       286.0962       286.7722       287.5717       288.3943       289.1452       289.3867       289.1432       288.2523       286.9258       285.7723       285.2317    
 2006   285.3281       285.7455       286.2442       287.3067       288.2352       289.0432       289.3614       289.0426       288.2195       286.9463       286.1042       285.3740    
 2007   285.3875       286.0892       286.5716       287.2849       288.0885       288.8445       289.2475       289.0739       288.0582       286.8702       285.9255       285.3527    
 2008   285.6519       286.0999       286.7279       287.3369       288.2585       289.0601       289.4434       288.9810       288.1071       286.9308       285.9504       285.2833    
 2009   285.6491       285.9637       286.3577       287.4221       288.1799       289.0110       289.3163       289.0898       288.4468       287.1258       286.1680       285.5591    
 2010   285.3916       285.7112       286.6298       287.2842       288.1733       288.9930       289.2811       289.0188       288.3159       287.1705       286.2079       285.5418    
 2011   285.7933       286.2461       286.6509       287.5056       288.4052       289.3230       289.4587       289.0562       288.3129       287.1026       285.9379       285.3153    
 2012   285.5178       285.6037       286.4041       287.3144       288.2124       289.0005       289.4022       289.1779       288.2505       287.0038       286.0285       285.4513    
 2013   285.4673       286.1347       286.5235       287.3283       288.2272       289.0887       289.3767       289.1897       288.3041       287.2165       286.0551       285.6526    
 2014   285.9586       286.2815       286.8809       287.6747       288.5289       289.2186       289.5804       289.1360       288.4438       287.2099       285.9671       285.3819    
 2015   285.5463       285.9248       286.7263       287.5267       288.3144       289.1101       289.5112       289.2148       288.3766       287.0539       286.0174       285.5446    
 2016   285.4380       286.0832       286.5361       287.6354       288.3187       288.9491       289.3253       289.0699       288.3053       287.0265       285.9621       285.5576    
 2017   285.7085       286.2014       286.8335       287.5851       288.4698       289.1065       289.4235       289.2028       288.4089       287.1005       285.9475       285.6706    
 2018   285.4424       286.0909       286.8820       287.4650       288.3486       289.0583       289.1541       289.0366       288.2757       287.0746       286.0721       285.7341    
 2019   285.8045       286.1997       286.8020       287.5847       288.3461       289.0337       289.4014       289.1495       288.3231       287.2215       286.3967       285.6919    
 2020   285.6767       286.2474       286.7419       287.5725       288.3449       288.9680       289.3974       289.1972       288.4107       287.2062       286.1433       285.6739    
 2021   285.7999       286.2550       286.8623       287.8883       288.6013       289.2749       289.5735       289.2661       288.4084       287.5316       286.4510       286.0064    
 2022   286.0025       286.4306       286.8657       287.5262       288.3898       289.2254       289.6075       289.4072       288.6487       287.4035       286.3288       286.0507    
 2023   286.0271       286.3058       286.9962       287.7008       288.5479       289.1683       289.6481       289.2597       288.5440       287.4401       286.4960       285.9659    
 2024   285.9661       286.1956       286.8597       287.8622       288.6893       289.2687       289.6425       289.3254       288.4593       287.4352       286.3918       286.0074    
 2025   286.0269       286.5127       287.0058       287.8378       288.8261       289.4866       289.8228       289.3795       288.7729       287.7399       286.6208       286.0767    
 2026   285.9980       286.6027       287.2809       287.7318       288.6149       289.5161       289.9442       289.3271       288.7756       287.5378       286.6284       285.9222    
 2027   286.0410       286.2663       286.9038       287.6767       288.6026       289.3787       289.8013       289.5901       288.6441       287.4346       286.4714       285.9974    
 2028   286.2413       286.4839       287.0820       287.7969       288.6985       289.4773       290.0164       289.5334       288.5966       287.3877       286.3290       286.0843    
 2029   286.1821       286.6983       287.0346       287.7083       288.5508       289.4889       289.7555       289.4489       288.6067       287.8116       286.5117       286.0563    
 2030   286.1053       286.0807       287.0262       287.8177       288.7485       289.4242       289.9059       289.4306       288.6000       287.5518       286.5267       285.7999    
 2031   286.0764       286.4362       286.9811       287.8866       288.6750       289.4096       290.0711       289.7534       288.9242       287.8662       286.8611       286.1460    
 2032   286.2985       286.5285       287.3208       287.8227       288.7627       289.6351       290.0479       289.5692       288.8335       287.5439       286.4700       285.9785    
 2033   285.6718       286.2726       286.9060       287.9860       288.8131       289.4805       289.7824       289.4292       288.6515       287.3884       286.3706       286.2196    
 2034   286.1461       286.2840       286.8488       287.9372       288.8646       289.5150       289.8640       289.5601       288.6801       287.6248       286.4176       285.8171    
 2035   286.1023       286.6471       287.1095       287.8125       288.7545       289.5191       289.8524       289.5715       288.5183       287.5531       286.3305       286.1735    
 2036   286.2418       286.4038       287.1685       288.0209       288.7515       289.5168       289.7885       289.4806       288.7325       287.6237       286.5730       286.0031    
 2037   286.1250       286.5833       287.0643       287.9896       288.8330       289.4705       289.9035       289.5210       288.7577       287.5260       286.3467       285.9967    
 2038   286.3200       286.6759       287.1166       288.0325       288.8262       289.3725       289.7363       289.5273       288.7521       287.5691       286.7577       286.2766    
 2039   286.3362       286.6847       287.2484       288.0601       288.8920       289.5031       289.8005       289.5470       288.6204       287.6047       286.7151       286.3728    
 2040   286.6254       286.6339       287.2751       288.1809       288.8436       289.6013       289.9003       289.6163       288.8340       287.6916       286.7099       286.2221    
 2041   286.3503       286.6544       287.2732       288.0720       288.9379       289.6712       289.9955       289.8812       288.8931       287.7146       286.5993       286.3764    
 2042   286.3550       286.2337       286.9273       287.9932       288.6605       289.5942       290.0190       289.5913       288.9524       287.5101       286.6740       286.1387    
 2043   286.1415       286.3003       287.0267       288.0677       288.7025       289.5478       289.9991       289.6548       288.8768       287.6815       286.7423       286.1091    
 2044   286.0460       286.6156       287.1759       288.2614       288.9214       289.6194       290.0323       289.6851       288.9692       287.7828       286.7503       286.2920    
 2045   286.0783       286.6170       287.2054       287.9394       288.8835       289.4705       290.0153       289.7033       288.7954       287.7166       286.5595       286.3705    
 2046   286.2918       286.6961       287.1308       288.0744       288.9173       289.7420       290.0634       289.7691       288.9628       287.9191       286.7792       286.4535    
 2047   286.5096       286.8394       287.6272       288.1559       288.9654       289.7444       290.0517       289.7753       288.9171       287.8678       286.8775       286.4842    
 2048   286.5455       287.0748       287.5180       288.2187       289.2066       289.8930       290.3303       289.8912       289.0356       287.8778       286.8157       286.5178    
 2049   286.3965       286.6988       287.1122       288.1360       289.0139       289.9337       290.2879       289.8674       289.0888       287.9929       286.9387       286.4599    
 2050   286.8089       286.9139       287.5036       288.3634       289.0322       289.7625       290.2047       290.0193       289.1767       288.0822       286.9460       286.5092    
 2051   286.7541       286.8905       287.9025       288.4802       289.2942       290.0000       290.3022       290.0024       289.0782       288.0981       287.1234       286.5968    
 2052   286.6322       287.0276       287.7192       288.4803       289.1982       290.1083       290.3445       290.0759       289.1467       288.0266       287.1257       286.5195    
 2053   286.6010       286.9254       287.3387       288.1941       289.0600       289.8347       290.0626       289.8500       288.9816       287.8929       286.7961       286.1790    
 2054   286.3966       286.5912       287.4930       288.3701       289.0883       289.8961       290.1961       289.8351       289.0135       287.9597       286.8761       286.6182    
 2055   286.3650       286.9648       287.7018       288.3753       289.2557       289.8106       290.2101       290.1658       289.1345       288.1623       287.3702       286.8486    
 2056   286.7571       286.9658       287.4956       288.3432       289.1949       289.9879       290.2589       289.9146       289.2292       288.0154       286.9839       286.5491    
 2057   286.6782       286.8113       287.5326       288.1529       289.0096       289.7332       289.9996       289.7459       289.0244       287.9286       287.0440       286.3647    
 2058   286.4165       286.6711       287.3224       288.1693       289.0578       289.9908       290.2969       289.8541       288.9486       287.9696       286.9461       286.2424    
 2059   286.5544       286.9568       287.2469       288.2832       289.0684       289.8627       290.1941       289.7733       289.0197       288.0281       287.0413       286.4938    
 2060   286.5297       286.9294       287.5257       288.3771       289.1118       289.8356       290.0965       289.8379       289.1559       287.9511       287.0453       286.6325    
 2061   286.5643       286.6520       287.4740       288.3810       289.1342       289.8607       290.2286       289.9175       289.1708       288.0866       287.1299       286.6879    
 2062   286.5320       286.9314       287.6775       288.4245       289.1433       289.8660       290.2059       289.9163       289.1624       287.9926       287.1367       286.5107    
 2063   286.6228       286.8037       287.6827       288.3568       289.2697       289.7618       290.1769       289.9063       289.1699       288.2054       287.1046       286.6470    
 2064   286.5950       287.1292       287.6657       288.5963       289.3833       290.1182       290.5099       290.0683       289.1466       288.1650       287.2738       286.8322    
 2065   286.7840       287.1967       287.5155       288.5528       289.3789       289.9266       290.2176       290.1111       289.2430       288.1541       287.1295       286.6418    
 2066   286.6310       286.7402       287.2275       288.1596       289.0881       289.9332       290.2721       289.8386       289.2779       288.0710       287.0933       286.4563    
 2067   286.5609       287.1909       287.7021       288.3063       289.1129       289.7506       290.1747       289.8694       289.3636       288.0710       286.8393       286.4010    
 2068   286.5197       287.0775       287.6236       288.4279       289.2128       289.9989       290.3094       289.9643       289.2910       288.1055       287.2308       286.9244    
 2069   286.8985       287.0779       287.7220       288.4363       289.1125       290.0013       290.4375       290.0338       289.2639       288.2403       287.1039       286.9416    
 2070   286.9548       287.1593       287.6188       288.4401       289.2820       290.1068       290.5678       290.0978       289.2290       288.2524       287.1923       286.5089    
 2071   286.6829       287.0271       287.5664       288.6055       289.2764       289.9920       290.5626       290.4060       289.4214       288.3144       287.3547       286.9995    
 2072   287.2268       287.4228       287.6217       288.6176       289.4390       290.2578       290.6002       290.3064       289.3648       288.3715       287.3002       286.7700    
 2073   286.9677       287.0562       287.7667       288.6629       289.3156       290.2007       290.3051       290.3614       289.4461       288.2887       287.4662       286.7052    
 2074   287.1065       287.0239       287.6718       288.6369       289.2613       289.9818       290.5027       290.2119       289.2925       288.2918       287.4603       287.0453    
 2075   286.8633       287.4803       287.8275       288.6303       289.4640       290.1341       290.5424       290.2784       289.3198       288.3617       287.5398       287.1552    
 2076   287.0715       287.3602       287.7943       288.5337       289.2433       289.9639       290.4178       290.0851       289.2938       288.2613       287.4937       286.8161    
 2077   286.7764       287.2064       287.8431       288.7318       289.5614       290.2914       290.7517       290.4342       289.6018       288.5067       287.4846       286.8962    
 2078   287.0642       287.1797       287.5721       288.7041       289.4043       290.1331       290.5258       290.3362       289.3827       288.3647       287.4701       286.8545    
 2079   287.0325       287.3926       287.7192       288.6694       289.3874       290.2040       290.5278       290.2263       289.3622       288.4631       287.3706       286.7156    
 2080   286.7820       287.0775       287.5168       288.6211       289.4668       290.2627       290.5987       290.4663       289.3905       288.4446       287.3554       286.9602    
 2081   287.0651       287.6043       288.0935       288.7256       289.7105       290.2687       290.5636       290.4028       289.7790       288.6314       287.7716       287.2267    
 2082   287.1530       287.5653       287.9763       288.8403       289.5103       290.3284       290.4653       290.1804       289.6347       288.4161       287.5348       286.6552    
 2083   287.0258       287.4106       287.8673       288.8514       289.7666       290.4758       290.7237       290.4465       289.5883       288.5759       287.6120       286.9727    
 2084   287.1389       287.4262       288.0798       288.7636       289.4511       290.2223       290.7099       290.4948       289.5834       288.4489       287.3788       286.8304    
 2085   286.9823       287.2922       287.9337       288.5796       289.4493       290.2751       290.6144       290.4012       289.6324       288.5438       287.5186       287.1448    
 2086   287.2561       287.6860       287.9678       288.8074       289.7884       290.3943       290.7956       290.4834       289.7050       288.6360       287.6402       287.0345    
 2087   286.9756       287.3247       287.5882       288.6816       289.4470       290.2410       290.7096       290.3387       289.5168       288.6595       287.4167       287.0977    
 2088   286.9411       287.4748       287.9675       288.8592       289.5973       290.2662       290.5631       290.2868       289.4067       288.3156       287.4357       287.2153    
 2089   287.0860       287.6221       288.1678       288.7391       289.6370       290.3156       290.5898       290.2782       289.7181       288.6476       287.5952       287.2184    
 2090   287.1763       287.4807       288.1465       288.7775       289.5634       290.3899       290.7796       290.3661       289.5261       288.5132       287.5672       287.0577    
 2091   287.3021       287.5742       288.0453       288.6063       289.4721       290.2799       290.8163       290.4625       289.7131       288.6842       287.5417       287.3127    
 2092   287.2662       287.7859       288.0872       288.9695       289.8607       290.4298       290.8353       290.6158       289.6001       288.5711       287.4617       287.3019    
 2093   287.3647       287.5982       288.0565       288.7176       289.6968       290.3813       290.8274       290.4815       289.7669       288.5662       287.4914       286.9595    
 2094   287.1633       287.2614       287.9848       288.8624       289.7031       290.4038       290.8215       290.6165       289.7763       288.6434       287.6906       287.0671    
 2095   287.2220       287.7361       288.0272       288.8730       289.6681       290.4410       290.8242       290.5403       289.7861       288.6231       287.5514       287.1323    
 2096   287.2705       287.7446       288.0963       288.8003       289.7374       290.4655       290.7470       290.4761       289.6396       288.5690       287.5995       287.1566    
 2097   286.9633       287.5594       288.0911       288.9038       289.5724       290.2837       290.7220       290.4360       289.6349       288.4267       287.4550       286.8417    
 2098   287.0453       287.3608       288.0628       288.6875       289.6370       290.3785       290.7514       290.7123       289.6716       288.5030       287.6546       287.1350    
 2099   287.0406       287.6786       288.3995       288.9385       289.7355       290.5045       290.9641       290.4426       289.9095       288.7027       287.6127       287.1042    
 2100   287.3708       287.8096       288.4230       289.0470       289.8531       290.6675       291.1377       290.9184       289.8702       288.9150       287.8792       287.4742    
