# using minimal fraction of valid points 30.00
# tas [K] from NOAA GFDL GFDL-CM3, RCP6 (run 1) experiment output for CMIP5 AR5 r1i1p1
# cutting out region lon=    0.000  360.000, lat=  -90.000   90.000
 1861   284.7473       285.0568       285.5385       286.4674       287.3013       288.0336       288.5090       288.4766       287.6535       286.8185       285.7626       284.9257    
 1862   284.9039       285.4349       285.8174       286.6490       287.5340       288.2323       288.5165       288.2905       287.6585       286.6056       285.2954       284.4682    
 1863   284.5754       284.6211       285.4100       286.1512       287.1000       287.8379       288.3455       288.4486       287.6359       286.4939       285.3072       284.8387    
 1864   284.7826       285.1467       285.4825       286.3483       287.2381       288.0146       288.4168       288.3911       287.6473       286.5865       285.4786       284.9486    
 1865   284.9073       285.2051       285.6994       286.4607       287.4910       288.0989       288.5840       288.4262       287.6971       286.7167       285.6794       284.9087    
 1866   284.5953       284.8378       285.3227       286.2543       287.3856       287.9666       288.3825       288.2771       287.7125       286.6426       285.2319       284.7671    
 1867   284.4715       284.9066       285.4724       286.3474       287.1831       287.9736       288.4736       288.5009       287.7175       286.6732       285.5620       284.9656    
 1868   284.9052       284.9481       285.6661       286.4826       287.4198       288.1526       288.4684       288.3685       287.8398       286.7800       285.7155       285.0511    
 1869   284.9957       285.2003       286.0349       286.8475       287.4846       288.1465       288.5767       288.3733       287.6304       286.8129       285.6346       284.9525    
 1870   284.8736       284.9424       285.5707       286.5685       287.2792       287.9405       288.3281       288.4244       287.8769       286.7486       285.6354       285.1324    
 1871   285.0545       285.4225       285.9133       286.7329       287.5758       288.1516       288.6223       288.5999       287.8918       286.8321       285.5881       284.9396    
 1872   284.8115       285.3437       285.7385       286.4439       287.3214       288.0058       288.5441       288.5674       287.8488       286.9183       285.6743       284.9453    
 1873   284.8117       285.1202       285.9420       286.6645       287.5235       288.1874       288.7214       288.7022       287.9067       286.9129       285.7098       284.8247    
 1874   284.7244       285.1147       285.8200       286.6516       287.5772       288.2325       288.7113       288.6781       287.8981       286.8564       285.8460       285.1667    
 1875   285.1305       285.3745       286.0896       286.7141       287.6091       288.4087       288.7707       288.5985       288.1256       287.0027       285.9145       285.3794    
 1876   285.1287       285.5249       286.1397       286.8069       287.7502       288.3954       288.7372       288.5257       287.8856       286.8787       285.6653       284.8647    
 1877   284.8463       285.1403       285.4174       286.1625       287.1573       287.9181       288.4489       288.4646       287.6922       286.7344       285.5390       285.0483    
 1878   284.7909       285.3305       285.8596       286.5811       287.4801       288.2585       288.7331       288.6070       287.8091       286.7265       285.6174       284.8805    
 1879   285.0391       285.5245       285.8777       286.6866       287.5359       288.3427       288.7674       288.6511       287.9306       286.8882       285.5574       285.0343    
 1880   284.9688       285.2485       286.0332       286.6997       287.5562       288.2842       288.7089       288.6451       287.9058       286.7246       285.5018       284.8666    
 1881   284.8880       285.1815       285.6599       286.5518       287.3151       288.0851       288.4795       288.5345       287.9670       286.8578       285.7718       285.1365    
 1882   285.1027       285.2906       285.8024       286.5811       287.5182       288.3514       288.8023       288.7669       287.9740       287.0053       285.8922       285.1638    
 1883   285.2159       285.4901       285.7862       286.5297       287.5053       288.3090       288.7934       288.7106       287.9783       286.8400       285.7519       284.9886    
 1884   284.8262       285.1995       285.8098       286.4981       287.2756       287.9553       288.4503       288.3432       287.4314       286.3898       285.1468       284.4482    
 1885   284.4157       284.5484       285.0840       286.0160       286.8266       287.7242       288.0999       288.2032       287.4088       286.3351       285.2733       284.5762    
 1886   284.4559       284.6913       285.3661       286.0268       287.1339       287.9583       288.3246       288.2331       287.5176       286.4409       285.2492       284.5634    
 1887   284.4379       284.8448       285.1813       285.9326       286.9962       287.7944       288.2396       288.2666       287.5308       286.5009       285.3745       284.6736    
 1888   284.5125       284.9462       285.5105       286.4070       287.4799       288.1123       288.4879       288.4330       287.5540       286.5308       285.4510       284.9832    
 1889   284.8258       285.0500       285.5022       286.3064       287.0325       287.7469       288.1775       288.2465       287.5293       286.5382       285.4135       284.5389    
 1890   284.4729       284.7420       285.1376       286.0714       287.0204       287.7614       288.2030       287.9981       287.3386       286.3179       285.0461       284.4198    
 1891   284.4281       284.7655       285.4433       286.1747       287.0919       287.6880       288.0393       287.9024       287.3093       286.3359       285.1671       284.2851    
 1892   284.4292       284.7386       285.1205       286.0519       286.8687       287.6555       288.0920       288.2130       287.5846       286.4180       285.3817       284.8519    
 1893   284.9001       285.1023       285.7045       286.3826       287.2098       287.8856       288.2332       288.2696       287.5078       286.5455       285.3138       284.8359    
 1894   284.6877       285.0219       285.5544       286.2105       287.0591       287.7333       288.2947       288.1770       287.5729       286.4660       285.3854       284.5677    
 1895   284.6659       285.0561       285.6220       286.4630       287.1185       287.8687       288.3805       288.4797       287.6228       286.6954       285.7298       284.9988    
 1896   285.0312       285.4229       285.7877       286.3708       287.3707       287.9181       288.3925       288.2709       287.5085       286.5201       285.4291       284.6526    
 1897   284.5489       284.7119       285.5230       286.2437       287.1283       287.6937       288.1695       288.1729       287.5349       286.5225       285.5924       284.8887    
 1898   284.8603       285.1029       285.6420       286.3504       287.2242       287.9054       288.3277       288.2484       287.5443       286.6039       285.5521       284.8690    
 1899   284.7488       285.0050       285.6088       286.5174       287.4839       288.0612       288.4465       288.3959       287.6553       286.6130       285.6149       284.8051    
 1900   284.9276       284.8918       285.8933       286.5416       287.3709       288.0164       288.5505       288.4133       287.6285       286.7723       285.7404       285.0377    
 1901   285.0529       285.1374       285.5388       286.3589       287.1925       287.9070       288.3280       288.2112       287.5667       286.5458       285.4642       284.8280    
 1902   284.9581       285.0532       285.7371       286.3393       287.0754       287.6911       288.2133       288.2141       287.5551       286.3976       285.3330       284.7087    
 1903   284.6343       284.6927       285.4530       286.1620       287.1401       287.7956       288.1661       288.1602       287.3619       286.3687       285.2842       284.7621    
 1904   284.7762       284.9781       285.5448       286.3023       287.1811       287.8632       288.2970       288.1131       287.3861       286.3413       285.1723       284.6443    
 1905   284.5439       284.9017       285.3161       286.2301       287.1236       287.8817       288.3683       288.1740       287.6128       286.5890       285.5299       284.8181    
 1906   284.6285       285.0017       285.5076       286.1393       287.0868       287.7170       288.1101       288.1762       287.6493       286.6536       285.2547       284.6179    
 1907   284.6747       285.0110       285.4619       286.2414       287.1497       287.9142       288.3632       288.3049       287.6595       286.7994       285.5817       285.0963    
 1908   285.0403       285.3686       285.9209       286.5460       287.4007       288.2000       288.4484       288.4177       287.7154       286.6114       285.4561       284.9321    
 1909   285.0583       285.0958       285.6418       286.3096       287.2241       287.8906       288.2870       288.2554       287.4657       286.6469       285.5397       284.8096    
 1910   284.6946       285.1053       285.7390       286.3792       287.2020       287.9804       288.3633       288.4027       287.8075       286.7895       285.7528       284.9710    
 1911   285.0758       285.5004       285.9838       286.7320       287.5719       288.1972       288.5682       288.4789       287.8278       286.5910       285.5953       284.9299    
 1912   284.8524       285.0788       285.4466       286.3201       287.2044       287.8854       288.3311       288.2042       287.4335       286.4157       285.2616       284.6690    
 1913   284.6596       284.9103       285.4394       286.1583       287.1396       287.8021       288.2640       288.1249       287.3916       286.4491       285.1450       284.4949    
 1914   284.4890       284.7959       285.3091       286.2793       287.0672       287.7332       288.1322       288.1320       287.4817       286.6481       285.4146       284.9253    
 1915   284.7446       285.2000       285.5690       286.6231       287.3918       288.0213       288.5128       288.3599       287.4840       286.5585       285.5241       284.9906    
 1916   284.8030       285.1485       285.6723       286.2919       287.2662       287.9022       288.2225       288.1565       287.4973       286.5562       285.3956       284.8319    
 1917   284.5815       284.8562       285.6093       286.4211       287.3356       287.9106       288.4068       288.3080       287.5214       286.6570       285.4939       285.0449    
 1918   284.8419       285.0510       285.4910       286.2194       287.2209       287.9505       288.4588       288.2650       287.5532       286.6695       285.3960       284.6365    
 1919   284.5201       284.6133       285.2678       286.2285       287.0338       287.7693       288.1820       288.1663       287.5331       286.5843       285.4657       284.7015    
 1920   284.7604       285.0339       285.6260       286.4324       287.2995       288.0727       288.4732       288.3033       287.8013       286.6910       285.9594       285.3898    
 1921   285.2501       285.3658       285.9550       286.6788       287.4090       288.0166       288.3646       288.4307       287.8279       286.7249       285.4597       284.8542    
 1922   284.7476       285.1153       285.5339       286.4905       287.2525       288.0691       288.4275       288.4812       287.9186       286.9218       285.7344       285.1555    
 1923   285.0221       285.3226       285.9308       286.6932       287.5200       288.2256       288.6431       288.4393       287.7632       286.7291       285.6633       284.9346    
 1924   284.7999       285.1359       285.8034       286.5915       287.5668       288.1761       288.6618       288.4564       287.8760       286.7732       285.6782       285.1132    
 1925   285.3902       285.7110       286.2038       286.8113       287.6962       288.2057       288.5600       288.5166       287.8405       286.6346       285.4162       284.7359    
 1926   284.7087       285.1402       285.7478       286.3494       287.2724       288.0641       288.4630       288.4219       287.8323       286.8860       285.6913       284.9062    
 1927   284.8534       285.1533       285.7239       286.5143       287.4493       288.1957       288.4990       288.3954       287.6780       286.6593       285.4808       284.8281    
 1928   284.9546       284.9851       285.7727       286.6375       287.3940       288.1751       288.5565       288.5189       287.8307       286.8224       285.7779       284.9819    
 1929   284.7159       284.9352       285.6863       286.3525       287.2449       288.0870       288.5886       288.4840       287.7039       286.6264       285.6060       284.7587    
 1930   284.6782       284.9207       285.5027       286.2917       287.1150       288.0727       288.5770       288.4640       287.7802       286.8523       285.5377       284.9224    
 1931   285.0186       285.2018       285.7637       286.5479       287.4386       288.1610       288.4452       288.4684       287.7431       286.8098       285.7586       284.9308    
 1932   285.0213       285.5193       285.7288       286.4955       287.4920       288.2265       288.5822       288.5215       287.6390       286.5683       285.4690       284.9687    
 1933   284.7610       285.0523       285.6664       286.5017       287.3105       288.0324       288.4802       288.4482       287.7027       286.5946       285.5156       285.0022    
 1934   284.6987       285.2120       285.7562       286.5557       287.4747       288.1119       288.6847       288.6455       287.9686       286.8143       285.7277       285.2363    
 1935   285.2373       285.5534       286.0762       286.8034       287.6783       288.2363       288.6106       288.5615       287.8450       286.7958       285.6789       285.1248    
 1936   284.9402       285.2604       285.7030       286.5208       287.4483       287.9524       288.5160       288.5804       287.8686       286.7875       285.6014       285.0363    
 1937   284.8771       285.1530       285.6946       286.6681       287.4717       288.1339       288.5305       288.5602       287.8477       286.7981       285.6286       285.0765    
 1938   285.4426       285.5968       286.0374       286.9534       287.7905       288.4893       288.8409       288.7122       287.9708       286.7233       285.6632       285.0150    
 1939   284.7445       285.2126       285.7108       286.4890       287.3896       288.0856       288.4895       288.4301       287.7861       286.7180       285.6641       285.2896    
 1940   284.8738       285.2740       285.7066       286.6202       287.3839       288.1089       288.5367       288.5394       287.7635       286.7562       285.7234       284.9734    
 1941   284.9538       285.1560       285.8831       286.6443       287.5208       288.1813       288.6506       288.5458       287.9145       286.8489       285.8330       285.0297    
 1942   285.1073       285.4594       286.0545       286.7759       287.6450       288.3597       288.6154       288.6237       288.0351       286.9245       285.7701       285.2149    
 1943   285.2516       285.3833       285.8944       286.5496       287.4674       288.2313       288.4654       288.4726       287.7533       286.8884       285.7809       285.0771    
 1944   285.1715       285.4815       285.6879       286.5904       287.4981       288.1990       288.6270       288.4802       288.0173       287.1042       285.9886       285.4327    
 1945   285.5078       285.7454       286.2391       286.9483       287.7876       288.3192       288.7149       288.5496       287.8962       287.0242       285.8439       285.2594    
 1946   284.9983       285.1505       285.8602       286.7259       287.5710       288.2904       288.6493       288.6153       288.0250       286.9381       285.9527       285.0505    
 1947   285.2999       285.5962       286.1447       286.7723       287.7226       288.3320       288.7072       288.5734       287.9216       286.9293       285.7075       284.9578    
 1948   285.0817       285.1446       285.6454       286.3879       287.4467       288.2043       288.7049       288.6251       287.9978       286.8794       285.6849       285.0321    
 1949   285.4091       285.5031       286.0930       286.8848       287.5710       288.1601       288.7021       288.6817       288.0012       286.9301       285.6021       284.9283    
 1950   284.9778       285.0915       285.6714       286.4865       287.3780       288.1008       288.4593       288.4691       287.7882       286.7130       285.7222       285.0954    
 1951   285.0263       285.5144       286.1302       286.8075       287.7106       288.3466       288.7076       288.6107       287.7534       286.9314       285.6844       285.0782    
 1952   285.0241       285.3231       285.9884       286.7122       287.4919       288.3481       288.6012       288.4219       287.8031       286.9510       285.8856       285.2717    
 1953   285.0616       285.3712       285.8250       286.5816       287.5861       288.2930       288.6084       288.4855       287.7190       286.6867       285.6384       285.1375    
 1954   285.1968       285.3605       286.0289       286.8059       287.8026       288.3459       288.6376       288.5812       287.8712       286.9694       285.8353       285.1236    
 1955   284.9561       285.2663       285.7229       286.8335       287.6940       288.3727       288.7014       288.6054       287.9274       287.0630       285.9450       285.2615    
 1956   285.2052       285.6359       286.1434       286.7672       287.7799       288.5824       288.9720       288.8344       288.2365       287.1465       286.2647       285.5509    
 1957   285.6800       285.9175       286.2302       287.0428       287.8178       288.5073       288.8272       288.6596       287.9932       286.8599       285.8620       284.9814    
 1958   284.9401       285.2306       285.7637       286.8391       287.5251       288.1553       288.5722       288.5069       287.7533       286.8275       285.6372       285.1412    
 1959   285.0248       285.1821       285.9353       286.5790       287.4615       288.0955       288.5433       288.5839       287.8833       286.8295       285.7287       285.2390    
 1960   284.8512       284.9404       285.8043       286.6627       287.6300       288.1593       288.5386       288.5175       287.7745       286.6774       285.7062       285.0991    
 1961   285.0070       285.1362       285.7500       286.5004       287.4701       288.1570       288.6068       288.4450       287.8276       286.7852       285.5850       285.1939    
 1962   284.9944       285.2099       285.6041       286.3524       287.3863       288.1592       288.4301       288.3389       287.6217       286.6803       285.5901       284.9686    
 1963   284.9615       285.2020       285.6086       286.4003       287.3377       288.0330       288.4349       288.2182       287.5708       286.3891       285.3060       284.5307    
 1964   284.3719       284.9156       285.3079       286.0486       287.0256       287.6147       287.9870       287.9548       287.3994       286.2885       285.1714       284.6136    
 1965   284.6839       284.9242       285.4922       286.0222       286.9283       287.7133       288.1389       287.8411       287.2665       286.2784       285.1465       284.4052    
 1966   284.3759       284.5654       285.0957       286.2378       286.8739       287.6349       287.9342       287.9565       287.1887       286.1769       285.1469       284.4866    
 1967   284.5224       284.8532       285.3934       286.0781       286.8584       287.5363       287.9507       288.0333       287.3496       286.2952       285.3246       284.7092    
 1968   284.4550       284.9380       285.5955       286.2256       287.0904       287.7421       288.0670       288.0019       287.3423       286.2693       285.2655       284.5313    
 1969   284.4749       284.9317       285.3363       286.1173       287.0631       287.6303       288.0491       287.9815       287.3307       286.2551       285.1995       284.6552    
 1970   284.4306       284.8356       285.4693       286.2378       287.1244       287.6637       288.0328       288.0197       287.3737       286.3551       285.4370       284.9306    
 1971   284.7758       284.9652       285.6938       286.2747       287.1707       287.6827       288.1307       288.0757       287.4616       286.4319       285.1725       284.4458    
 1972   284.5066       284.9959       285.5433       286.3945       287.2040       287.7218       288.2120       288.1879       287.5610       286.4477       285.4044       284.7905    
 1973   284.8192       284.8557       285.7876       286.4788       287.3157       287.8427       288.2832       288.1024       287.4572       286.3477       285.5368       284.8612    
 1974   284.7025       285.1812       285.7813       286.4402       287.2230       287.9758       288.3402       288.3704       287.5105       286.5921       285.5956       285.1021    
 1975   284.9269       285.2065       285.9757       286.7006       287.4971       288.0573       288.4401       288.1794       287.4872       286.4931       285.2949       284.6152    
 1976   284.7408       284.9171       285.6486       286.4604       287.1986       287.6896       288.2267       288.0505       287.3594       286.3510       285.2773       284.6200    
 1977   284.4958       284.9602       285.4954       286.1491       287.1878       287.9791       288.2584       288.3146       287.5780       286.5625       285.5814       284.8997    
 1978   284.7560       285.2256       285.7043       286.9118       287.6475       288.2548       288.5811       288.4559       287.7779       286.5416       285.4866       284.8562    
 1979   284.9320       285.6000       286.1440       286.9131       287.7014       288.3017       288.7691       288.5789       287.9906       286.8941       286.0473       285.3678    
 1980   285.1703       285.5142       286.0961       286.8777       287.7411       288.4012       288.7442       288.5939       287.7631       286.7709       285.6356       284.9682    
 1981   284.9084       284.9946       285.8282       286.8469       287.6654       288.2121       288.5112       288.3656       287.7881       286.6337       285.6805       285.1393    
 1982   285.0956       285.3179       286.0503       286.7122       287.6537       288.1740       288.6616       288.5174       287.8374       286.8463       285.6312       284.8319    
 1983   284.7756       285.1604       285.5773       286.3533       287.0329       287.7839       288.3005       288.1986       287.5487       286.4444       285.4309       284.8845    
 1984   284.9332       284.9657       285.9436       286.7339       287.4409       288.0363       288.4782       288.4211       287.7397       286.7055       285.5312       284.9707    
 1985   285.2651       285.5010       285.8191       286.6359       287.4035       288.2223       288.5496       288.3568       287.6736       286.5762       285.3550       284.7216    
 1986   284.5056       284.8522       285.5950       286.5306       287.3835       288.0844       288.5224       288.5731       287.8240       286.8562       285.7281       285.0677    
 1987   285.1430       285.3608       286.0265       286.8251       287.7496       288.3273       288.6408       288.5693       287.9430       286.9280       285.7312       285.2349    
 1988   285.0368       285.4205       286.0826       286.7275       287.6009       288.2105       288.6671       288.6691       288.0145       286.9599       285.9631       285.2343    
 1989   285.2106       285.6555       285.9883       286.8598       287.7191       288.3704       288.7568       288.5357       287.8421       286.9409       285.8311       285.3531    
 1990   284.9894       285.4933       286.1548       286.8074       287.7706       288.3334       288.6528       288.5231       287.8164       286.8818       286.0862       285.3980    
 1991   285.2464       285.5058       285.9124       286.7213       287.7289       288.3098       288.6388       288.5940       287.8363       286.8730       285.6955       285.0838    
 1992   284.9445       285.1999       285.9315       286.5863       287.3996       288.1277       288.5879       288.3376       287.6129       286.8327       285.6656       284.8351    
 1993   285.0180       285.2500       285.7628       286.4916       287.3038       287.9374       288.4423       288.3098       287.6720       286.7260       285.5779       284.7917    
 1994   284.8710       285.3140       285.8238       286.5608       287.2645       288.0131       288.4919       288.5174       287.7967       286.7526       285.5528       284.8876    
 1995   285.1096       285.4999       285.8123       286.5823       287.4821       288.1594       288.5446       288.4299       287.8686       286.7957       285.6096       285.0254    
 1996   285.1383       285.5272       285.9831       286.7402       287.4983       288.2833       288.7867       288.6726       288.1197       287.0021       285.8992       285.4870    
 1997   285.3524       285.6469       286.2993       287.2029       287.9193       288.4537       288.9653       288.9289       288.1547       287.1241       286.1575       285.1993    
 1998   285.1442       285.3385       286.0414       286.8776       287.7177       288.3895       288.9206       288.8738       288.1044       287.1429       285.9791       285.2892    
 1999   285.5739       285.6252       286.4108       287.1348       287.9464       288.6898       288.9501       288.8336       288.1604       287.1227       286.0271       285.2769    
 2000   285.3345       285.7032       286.0481       286.9529       287.8548       288.5653       289.0056       289.0084       288.2196       287.3265       286.2386       285.4130    
 2001   285.2216       285.7371       286.2405       287.0030       287.9872       288.5946       289.0144       289.0040       288.2428       287.3414       286.3403       285.7591    
 2002   285.4917       285.7822       286.4901       287.1865       288.0894       288.7390       289.2170       289.1722       288.4697       287.3410       286.3447       285.6218    
 2003   285.5626       285.9944       286.4566       287.2802       288.1714       288.8112       289.1464       289.0789       288.3848       287.3162       286.3145       285.4740    
 2004   285.4164       285.7055       286.3105       287.0571       287.9507       288.6078       289.0816       289.0038       288.2577       287.3623       286.2857       285.5188    
 2005   285.2754       285.6785       286.2224       287.1421       288.1125       288.8591       289.3238       289.2416       288.4130       287.3792       286.3385       285.7838    
 2006   285.8577       286.0874       286.6990       287.1931       288.1105       288.9043       289.3338       289.3260       288.6317       287.5279       286.4198       285.8852    
 2007   285.6183       285.7055       286.5390       287.4203       288.2434       288.8436       289.4036       289.3559       288.5953       287.6580       286.5883       285.8599    
 2008   286.1658       286.2649       286.8683       287.4770       288.3750       289.0626       289.4495       289.4540       288.6821       287.6529       286.6978       286.1930    
 2009   286.1183       286.2171       286.9247       287.6222       288.5583       289.1251       289.4336       289.3965       288.6960       287.6349       286.3769       285.8891    
 2010   285.7835       286.0486       286.5941       287.2354       287.9625       288.8156       289.2991       289.2415       288.4911       287.6246       286.5410       285.8632    
 2011   285.8553       285.9493       286.5605       287.6174       288.3632       289.1676       289.4998       289.4934       288.8708       287.9507       287.0791       286.3445    
 2012   286.2018       286.4100       286.9506       287.8644       288.7231       289.3467       289.6376       289.4695       288.7643       287.8006       286.6749       285.9056    
 2013   285.9731       286.2133       286.7524       287.4912       288.3566       289.0777       289.5045       289.5121       288.7838       287.6440       286.5199       286.0172    
 2014   286.1494       286.4391       286.8617       287.7017       288.6307       289.2166       289.8080       289.5559       288.7876       287.8607       286.9554       286.3844    
 2015   286.3272       286.4611       287.0642       287.8459       288.6668       289.3446       289.6866       289.6485       288.8351       287.9664       286.8647       286.1295    
 2016   286.1449       286.5321       286.8924       287.7902       288.5555       289.0515       289.5600       289.4777       288.7690       287.9837       286.7141       286.1364    
 2017   286.0434       286.2556       287.0686       287.6053       288.5638       289.1765       289.5066       289.4978       288.8295       287.9024       286.8035       286.1463    
 2018   286.0132       286.5739       287.0491       287.8634       288.4451       289.2498       289.5243       289.3666       288.7703       287.7810       287.0124       286.3093    
 2019   286.2566       286.5914       287.0959       287.9520       288.5907       289.2474       289.7313       289.6084       289.0716       288.0386       287.1427       286.3514    
 2020   286.3906       286.4389       286.8135       287.7286       288.5005       289.1720       289.6872       289.7236       288.8987       287.8490       287.1357       286.4435    
 2021   286.4373       286.4580       287.0465       287.7061       288.6310       289.2498       289.7344       289.6253       288.9828       287.9626       287.0104       286.4558    
 2022   286.4271       286.4380       287.0479       287.9318       288.7171       289.2760       289.7155       289.6410       288.9153       288.0005       287.0428       286.2949    
 2023   286.3453       286.3808       287.0866       287.6286       288.5112       289.1017       289.6448       289.5120       288.9532       288.0768       286.9095       286.3462    
 2024   286.1494       286.3604       286.8427       287.7576       288.4231       289.2992       289.8154       289.9026       289.1378       288.2209       287.3724       286.7255    
 2025   286.5648       286.8984       287.3729       288.1198       288.8074       289.5077       289.9932       289.8549       289.1587       288.0832       287.1124       286.2365    
 2026   286.0074       286.4281       287.0280       287.7141       288.6092       289.3432       289.8366       289.7942       289.0743       288.0800       287.2880       286.4785    
 2027   286.3513       286.5568       286.9935       287.9121       288.6993       289.4558       289.9999       289.9654       289.3068       288.2986       287.3445       286.4457    
 2028   286.3889       286.4423       287.1140       287.8343       288.6786       289.3075       289.8875       289.7849       289.0276       288.0973       287.1349       286.3582    
 2029   286.4824       286.7794       287.2646       288.0606       288.9566       289.6056       290.0356       289.9377       289.2087       288.1660       287.1636       286.4485    
 2030   286.4117       286.5784       287.3084       287.9214       288.5858       289.4159       289.8264       289.9444       289.1309       288.0638       287.1390       286.4909    
 2031   286.4996       286.9162       287.4492       288.1567       288.9489       289.6710       290.1414       290.0116       289.2485       288.1667       287.3005       286.7059    
 2032   286.5671       286.7716       287.2730       288.0636       288.8370       289.5795       290.0150       289.8863       289.1882       288.2180       287.3189       286.5457    
 2033   286.5211       286.7089       287.3102       288.0115       288.8958       289.5925       290.1515       290.0174       289.3818       288.3945       287.4032       286.6645    
 2034   286.5928       286.8104       287.3073       288.0447       288.9722       289.7809       290.2436       290.0093       289.4220       288.4087       287.5639       286.9215    
 2035   286.9196       287.1689       287.5831       288.3139       289.1095       289.7466       290.0436       290.0393       289.3001       288.3921       287.3236       286.5437    
 2036   286.4330       286.7661       287.1990       287.8778       288.6388       289.3676       289.8700       289.7793       289.1445       288.2074       287.3735       286.6646    
 2037   286.4676       286.8370       287.5661       288.0494       288.8531       289.6297       290.0234       290.0174       289.2475       288.3444       287.1996       286.5141    
 2038   286.3419       286.5840       287.1543       288.2437       288.9640       289.7109       290.1519       290.0693       289.5104       288.5158       287.5978       286.8432    
 2039   286.9526       287.0591       287.7610       288.2726       289.1608       289.9075       290.2935       290.2146       289.5516       288.6040       287.6080       286.8076    
 2040   286.6798       286.8997       287.3137       288.0874       289.1806       289.7901       290.1245       290.0786       289.3364       288.4328       287.3281       286.8698    
 2041   286.7118       286.9658       287.5826       288.3216       289.0532       289.8833       290.3194       290.2427       289.4801       288.6420       287.7926       287.3798    
 2042   287.0968       287.2738       287.8500       288.5351       289.3534       290.1067       290.4377       290.2505       289.6292       288.5101       287.4132       286.7533    
 2043   286.7147       286.9089       287.2761       288.0270       289.0297       289.7892       290.1862       290.1181       289.4590       288.6137       287.5530       286.9196    
 2044   286.9101       286.9239       287.5564       288.2952       289.0515       289.7502       290.1398       290.2402       289.3979       288.3878       287.4444       286.8060    
 2045   286.3401       286.8283       287.4882       288.4180       289.0676       289.9736       290.3351       290.3318       289.6314       288.7177       287.6760       286.9464    
 2046   286.6661       287.0679       287.6705       288.2299       289.1268       290.0092       290.4398       290.4518       289.7166       288.8032       287.7447       286.9234    
 2047   287.0959       287.3627       287.8261       288.5400       289.2906       289.9691       290.4974       290.4163       289.6196       288.7681       287.7632       287.2924    
 2048   286.9226       287.3342       287.6255       288.3044       289.2676       290.0262       290.4810       290.5276       289.8132       288.8504       287.8537       287.3157    
 2049   287.0289       287.1960       287.7570       288.5087       289.2884       290.0095       290.5648       290.4707       289.8507       288.9856       287.9572       287.3092    
 2050   287.2435       287.4976       288.1418       288.6703       289.4583       290.1881       290.6131       290.5975       289.8577       288.8385       287.8821       287.1376    
 2051   286.9479       287.0490       287.5174       288.5080       289.2202       290.0404       290.6180       290.4841       289.7677       288.8738       287.9697       287.2787    
 2052   287.4044       287.4347       288.0515       288.6741       289.5811       290.1787       290.7693       290.6447       289.9549       289.0421       288.2203       287.4502    
 2053   287.3926       287.6184       288.2456       288.7993       289.5763       290.3453       290.9193       290.7928       290.0728       289.1535       288.0223       287.4660    
 2054   287.2325       287.3128       287.8724       288.7988       289.5642       290.2743       290.7545       290.7678       290.0996       289.0601       288.1378       287.3598    
 2055   287.2083       287.2820       287.8066       288.7002       289.7146       290.5265       290.9180       290.7910       290.0944       289.1095       288.1585       287.3586    
 2056   287.4087       287.4925       288.1852       288.7159       289.4958       290.1824       290.5636       290.5585       289.8140       288.9108       287.9745       287.3365    
 2057   287.1150       287.1716       287.9016       288.7875       289.3972       290.1646       290.7566       290.7156       290.2109       289.0643       288.0442       287.4425    
 2058   287.2248       287.5330       287.8672       288.6384       289.4908       290.4091       290.6830       290.6364       289.9399       289.0013       288.0452       287.4385    
 2059   287.1628       287.3126       287.7258       288.4996       289.4537       290.2857       290.7746       290.7584       290.0452       289.1861       288.2257       287.3924    
 2060   287.4332       287.5406       288.0121       289.0916       289.6983       290.3795       290.7338       290.6275       289.9256       289.0419       288.0135       287.3080    
 2061   287.1924       287.4750       287.9011       288.6757       289.2704       290.1787       290.8175       290.7538       290.1041       289.0977       288.2086       287.7008    
 2062   287.5628       287.8300       288.5519       289.0665       289.8103       290.4696       290.9953       290.7091       290.0587       289.0937       288.2355       287.5653    
 2063   287.4685       287.5996       288.0338       288.8700       289.6624       290.3967       290.7726       290.8343       289.9879       289.1845       288.2645       287.5934    
 2064   287.6930       288.0070       288.3362       288.7176       289.8152       290.4398       290.8487       290.8270       290.0078       289.1327       288.1797       287.5268    
 2065   287.5281       287.7243       288.1991       288.8208       289.5938       290.4554       290.9714       290.9247       290.1109       289.1012       288.2751       287.7913    
 2066   287.7413       287.9671       288.3071       288.9910       289.7484       290.6870       291.1231       291.0655       290.2809       289.3415       288.4955       287.9526    
 2067   287.5489       287.8375       288.2021       288.8217       289.5939       290.3419       290.7964       290.8876       290.2080       289.0878       288.2659       287.6072    
 2068   287.4386       287.5302       288.0651       288.7831       289.7600       290.5587       291.0574       290.9228       290.3477       289.3689       288.5914       287.8684    
 2069   287.8888       288.1685       288.4790       289.1605       289.9460       290.8281       291.2124       291.1906       290.5043       289.4140       288.5149       287.7956    
 2070   287.5825       287.6735       288.3859       289.1840       289.9808       290.7831       291.2824       291.2251       290.5577       289.5946       288.5664       287.9212    
 2071   287.7333       287.8601       288.4276       289.1278       289.9716       290.7210       291.3930       291.3056       290.6646       289.5992       288.7444       287.9680    
 2072   288.0037       288.2634       288.7351       289.3566       290.2006       291.0448       291.4254       291.2870       290.5676       289.7341       288.8198       288.1916    
 2073   288.0715       287.9910       288.5380       289.2710       290.0691       291.0267       291.4341       291.4272       290.6324       289.7630       288.8352       288.2159    
 2074   288.2443       288.3536       288.6316       289.2970       290.2328       290.9057       291.4085       291.3168       290.6015       289.6790       288.8514       288.1432    
 2075   288.0973       288.2527       288.7866       289.2940       289.9839       290.8004       291.3943       291.2831       290.5440       289.6888       288.6075       288.1035    
 2076   288.1442       288.0759       288.6857       289.3864       290.1774       291.0599       291.5246       291.4058       290.8388       289.8252       288.8210       288.2149    
 2077   288.3575       288.3607       288.7854       289.3849       290.1865       290.9731       291.4610       291.3638       290.7390       289.6967       288.8349       288.1973    
 2078   288.0709       288.3682       288.8328       289.3948       290.1572       291.0065       291.4782       291.5029       290.8202       289.8169       288.9011       288.3741    
 2079   288.3774       288.4130       289.0421       289.5841       290.3399       291.0650       291.6545       291.5050       290.8063       289.8447       288.8620       288.2202    
 2080   288.2668       288.3629       288.7930       289.5655       290.3172       291.1726       291.6662       291.6597       290.9360       290.1021       289.0885       288.3701    
 2081   288.3911       288.4729       288.7640       289.4781       290.2899       291.2179       291.7176       291.5117       291.0916       290.0377       289.0799       288.6555    
 2082   288.2616       288.4415       289.0540       289.6234       290.4790       291.2684       291.6898       291.6432       291.0928       290.0949       289.2951       288.7718    
 2083   288.4790       288.5558       289.1804       289.7070       290.4990       291.3143       291.8181       291.6795       291.0319       290.1049       289.1482       288.5052    
 2084   288.3677       288.1329       288.8419       289.5552       290.4296       291.1745       291.6715       291.7605       291.1356       290.1257       289.2749       288.5198    
 2085   288.3476       288.4379       289.0236       289.6859       290.5371       291.3438       291.7765       291.7070       291.1478       290.1448       289.2776       288.4475    
 2086   288.3545       288.4513       288.7357       289.4561       290.2817       291.1112       291.6414       291.6400       290.8659       289.9887       289.1036       288.4160    
 2087   288.0624       288.6464       289.0970       289.7383       290.5970       291.4841       291.9368       291.9681       291.2079       290.2423       289.2043       288.7897    
 2088   288.6120       288.8541       289.2906       289.7757       290.5636       291.3502       291.7814       291.8482       291.1179       290.2547       289.5172       288.7339    
 2089   288.7204       288.6886       288.8958       289.6777       290.5468       291.4896       291.8268       291.8769       291.2441       290.1650       289.2880       288.5421    
 2090   288.4800       288.6367       289.0169       289.6941       290.4992       291.3801       292.0136       292.0146       291.2919       290.3392       289.3626       288.9834    
 2091   288.9880       289.2630       289.5374       290.0989       290.9385       291.7628       292.1633       292.0091       291.1982       290.2997       289.2724       288.7227    
 2092   288.5261       288.8512       289.0272       289.8951       290.7001       291.5031       292.0506       292.0973       291.3651       290.4907       289.5806       289.0285    
 2093   288.9146       288.9668       289.0959       289.9201       290.7084       291.5048       292.0471       292.1168       291.3160       290.3544       289.3174       288.7821    
 2094   288.5504       288.6978       289.0359       290.0350       290.8666       291.7120       292.2374       292.1450       291.4063       290.4909       289.4454       288.8700    
 2095   288.8101       288.9595       289.4694       290.0717       290.9862       291.8013       292.3664       292.1299       291.3736       290.4220       289.5313       288.9976    
 2096   288.7352       289.1892       289.3880       290.1637       290.7387       291.6147       292.0921       292.0706       291.5128       290.5453       289.6229       289.2180    
 2097   289.0426       289.0276       289.4731       290.1711       290.9253       291.6700       292.1699       292.1441       291.4440       290.3556       289.3211       288.8644    
 2098   288.6130       288.7868       289.1556       289.8356       290.7091       291.7585       292.1591       292.1325       291.4267       290.4071       289.5875       289.2721    
 2099   289.0296       289.2416       289.2977       290.1364       290.8046       291.6461       292.0651       291.9796       291.2675       290.2438       289.3585       288.7649    
 2100   288.3795       288.5300       289.2033       289.9795       290.7113       291.5300       292.0233       292.0928       291.3574       290.3626       289.5676       288.9704    
