# using minimal fraction of valid points 30.00
# tas [K] from MIUB  model output prepared for IPCC Fourth Assessment SRES A2 experiment r1i0p0
# cutting out region lon=   -1.875  358.125, lat=  -88.999   88.999
 2001   285.2222       285.6072       286.4468       287.3521       288.2893       288.8639       289.2693       289.1088       288.5923       287.7741       286.6741       285.7062    
 2002   285.4727       285.5375       286.3730       287.4008       288.3769       288.8021       289.1902       289.0886       288.4883       287.4692       286.2976       285.3186    
 2003   285.0144       285.4834       286.3322       287.4411       288.3271       288.9567       289.1648       289.1895       288.5651       287.5905       286.3905       285.4774    
 2004   285.1689       285.3404       286.3481       287.4390       288.4041       288.9763       289.3439       289.1670       288.6095       287.6360       286.6397       285.9947    
 2005   285.5988       285.9944       286.4657       287.6466       288.5481       288.9596       289.3035       289.1414       288.5434       287.5125       286.4576       285.7053    
 2006   285.1120       285.6344       286.5595       287.5248       288.4582       289.0916       289.4737       289.3306       288.7566       287.8850       286.6346       285.9126    
 2007   285.5028       285.8440       286.4866       287.5524       288.4213       288.8754       289.2856       289.1993       288.5298       287.5015       286.4187       285.7756    
 2008   285.3921       285.6385       286.2972       287.3179       288.2991       289.0334       289.3464       289.2469       288.6129       287.7252       286.8130       285.9964    
 2009   285.3479       285.6723       286.6006       287.4661       288.2619       288.8691       289.1326       289.0251       288.4557       287.4601       286.2871       285.4739    
 2010   285.3543       285.5906       286.3990       287.6122       288.4326       288.9750       289.2569       289.1752       288.6102       287.7417       286.8492       286.3712    
 2011   285.7069       285.8970       286.7510       287.6731       288.6751       289.1573       289.4355       289.3168       288.7558       287.7141       286.7124       285.7827    
 2012   285.5815       285.9162       286.5739       287.5752       288.5769       288.9447       289.4042       289.3410       288.8322       287.8725       286.7461       285.9242    
 2013   285.5392       285.7857       286.5165       287.5801       288.3038       288.9387       289.2569       289.1884       288.6403       287.6514       286.4550       285.6367    
 2014   285.4778       285.6555       286.5035       287.6146       288.5261       289.1780       289.3563       289.2233       288.5944       287.6028       286.5397       285.7380    
 2015   285.3282       285.4261       286.3822       287.5159       288.5115       289.0671       289.4336       289.2899       288.6035       287.7011       286.6423       285.9647    
 2016   285.8857       286.2058       286.7911       287.7233       288.5654       289.1202       289.3537       289.1808       288.6453       287.6413       286.5653       285.6453    
 2017   285.3195       285.7333       286.4107       287.3636       288.2918       289.0218       289.3428       289.2113       288.7439       287.8532       286.9362       286.1386    
 2018   285.7161       285.9738       286.6155       287.7293       288.5447       288.9626       289.2311       289.0157       288.5062       287.6655       286.5354       285.5946    
 2019   285.2833       285.4442       286.3418       287.5760       288.4460       289.0862       289.3832       289.3171       288.7414       287.6306       286.7657       285.9078    
 2020   285.4846       285.7703       286.6287       287.6896       288.5626       289.2350       289.5689       289.4107       288.7978       287.8967       286.8350       286.1773    
 2021   285.5672       285.7307       286.6377       287.7096       288.5740       289.1346       289.4396       289.2373       288.6964       287.5761       286.5237       285.6643    
 2022   285.2950       285.7438       286.7072       287.7003       288.4814       289.0473       289.3671       289.2958       288.7743       287.8558       286.7704       286.1319    
 2023   285.8798       286.0814       286.5800       287.7256       288.5904       289.1184       289.4063       289.3273       288.7301       287.7215       286.6404       285.7807    
 2024   285.3849       285.9243       286.4686       287.4725       288.5627       289.1922       289.4980       289.3716       288.9065       287.9073       286.8083       285.9993    
 2025   285.4506       285.7636       286.5832       287.5538       288.6463       289.2134       289.5639       289.3388       288.7159       287.7717       286.6428       285.9127    
 2026   285.6253       285.6633       286.7281       287.7700       288.5390       289.2369       289.6031       289.5304       288.9003       287.9759       286.8413       285.9718    
 2027   285.9162       286.0798       286.8100       287.8510       288.7070       289.2939       289.6016       289.4009       288.8222       287.8646       286.5971       285.9753    
 2028   285.5646       285.7061       286.6162       287.7019       288.5798       289.1502       289.4616       289.4331       288.9608       288.1588       287.1403       286.3038    
 2029   285.8200       286.2457       286.9923       287.8549       288.6797       289.1683       289.4551       289.2330       288.6408       287.6948       286.6594       285.9641    
 2030   285.5046       286.0089       286.4433       287.3997       288.3080       289.0841       289.3303       289.2599       288.6570       287.9571       287.0970       286.1880    
 2031   285.8498       286.2818       286.9787       287.9651       288.6096       289.1328       289.4261       289.3328       288.7037       287.8408       286.8081       285.9301    
 2032   285.4307       285.6187       286.6042       287.7761       288.6948       289.2444       289.5621       289.4696       289.0088       288.1079       287.0509       286.2665    
 2033   285.9060       286.2197       286.7603       287.7963       288.7303       289.2886       289.6127       289.4088       288.8000       287.7943       286.6796       286.0381    
 2034   285.7429       286.1370       286.9043       287.8311       288.7888       289.4398       289.7957       289.7043       289.1555       288.2593       287.3744       286.3981    
 2035   286.0051       286.2724       286.9169       287.9779       288.8996       289.3448       289.6592       289.6134       289.0410       287.9102       286.9343       286.2617    
 2036   285.7164       286.0005       286.8372       287.9455       288.8549       289.4083       289.8107       289.7679       289.2150       288.1396       287.0823       286.3645    
 2037   286.2500       286.2644       286.8812       287.9951       288.9173       289.6017       289.7395       289.5860       288.9174       287.9793       286.8888       286.0536    
 2038   285.7827       286.1111       286.5912       287.8387       288.6522       289.4632       289.7935       289.6936       289.1067       288.3180       287.3647       286.2789    
 2039   285.8240       286.1622       287.0409       287.9650       288.7896       289.4091       289.6174       289.5047       288.9313       287.9650       286.9611       286.1649    
 2040   285.8000       285.7651       286.8699       287.9166       288.7891       289.3971       289.7119       289.6998       289.1422       288.2998       287.1933       286.5173    
 2041   285.9311       286.2891       287.1533       288.0966       288.8639       289.4583       289.7932       289.6152       288.9649       288.1168       286.9813       286.2216    
 2042   285.8351       286.1257       286.9118       287.8805       288.8768       289.5291       289.8836       289.9262       289.4351       288.4845       287.5438       286.6053    
 2043   286.6065       286.8478       287.2896       288.2270       289.0843       289.7630       290.0837       289.9915       289.3752       288.3429       287.1188       286.3203    
 2044   285.8499       286.4323       286.9083       287.9636       288.9709       289.6881       290.0428       290.0079       289.4148       288.4584       287.3909       286.4920    
 2045   285.9422       286.2961       287.2480       288.1853       289.1014       289.6563       289.9784       289.8362       289.3991       288.4796       287.2326       286.4037    
 2046   286.1700       286.3945       287.1085       288.2278       289.1448       289.7597       290.2107       290.1498       289.6805       288.7202       287.5460       286.6559    
 2047   286.1965       286.4708       287.2563       288.1572       289.0507       289.6914       289.9286       289.7694       289.2141       288.3004       287.2057       286.3239    
 2048   285.9443       286.2563       287.2109       288.2323       289.0782       289.7120       290.0664       289.9521       289.3839       288.4664       287.4589       286.8654    
 2049   286.3805       286.7339       287.4344       288.4256       289.2397       289.8554       290.1532       289.9165       289.3852       288.3304       287.3711       286.7235    
 2050   286.1825       286.4200       287.1972       288.2607       289.0929       289.7599       290.1112       289.9343       289.3524       288.4819       287.4146       286.6263    
 2051   286.2629       286.6751       287.3491       288.2910       289.2995       289.8911       290.2551       290.2586       289.5437       288.6159       287.5799       286.6683    
 2052   286.2500       286.5909       287.4410       288.4170       289.3271       289.9832       290.3438       290.2045       289.6511       288.7108       287.6616       286.8755    
 2053   286.4385       286.4165       287.3609       288.5372       289.3556       289.9980       290.3336       290.1281       289.6177       288.7278       287.5082       286.7269    
 2054   286.4265       286.7317       287.4087       288.4133       289.3587       289.8970       290.2440       290.1615       289.6828       288.6530       287.8638       286.9474    
 2055   286.4229       286.7610       287.5355       288.5307       289.4331       289.9954       290.3912       290.3122       289.6791       288.8916       288.1573       287.1042    
 2056   286.7185       287.0157       287.6747       288.5510       289.4704       290.0847       290.3684       290.1472       289.5296       288.7401       287.8737       286.8037    
 2057   286.4550       286.8717       287.7085       288.5343       289.3756       290.0344       290.3954       290.3329       289.6876       288.8176       287.8290       287.0962    
 2058   286.5150       286.7219       287.7241       288.6216       289.6250       290.1883       290.5062       290.4953       289.8796       289.0374       288.0927       287.3366    
 2059   286.9995       287.1540       287.8627       288.8693       289.5909       290.1053       290.3618       290.2617       289.7141       288.6975       287.6931       286.8504    
 2060   286.6701       286.9020       287.4805       288.4829       289.5340       290.1321       290.5805       290.4707       290.0041       289.2216       288.2346       287.2860    
 2061   287.3592       287.2512       287.9041       288.9241       289.6115       290.2708       290.5305       290.4656       289.9170       289.0656       288.0968       287.2946    
 2062   286.8719       287.0937       287.8756       288.9175       289.7885       290.3667       290.6384       290.5193       289.8920       289.0975       288.0323       287.0449    
 2063   286.9168       286.9146       287.5229       288.6969       289.6560       290.1529       290.5424       290.4705       289.9165       289.0458       288.0931       287.3233    
 2064   287.1435       287.3524       288.1172       289.0498       289.9462       290.4081       290.6115       290.5206       290.0039       289.0589       287.9773       287.0224    
 2065   286.6487       287.3344       287.9733       289.0075       289.8071       290.3978       290.6260       290.5887       290.0981       289.3727       288.3861       287.2561    
 2066   286.7349       287.1199       287.9878       288.9346       289.8664       290.4326       290.9526       290.8963       290.4091       289.6180       288.6875       287.8249    
 2067   287.4292       287.6011       288.2487       289.1115       289.9336       290.4705       290.7238       290.5958       290.1231       289.3329       288.2687       287.1606    
 2068   287.0272       287.1945       287.9990       288.9211       289.7248       290.5429       290.8579       290.7244       290.2696       289.5738       288.4968       287.4447    
 2069   287.0347       287.4044       288.1214       289.1841       289.9565       290.4586       290.7274       290.6413       290.0426       289.2923       288.4407       287.5850    
 2070   287.2098       287.4187       288.2950       289.2384       290.0195       290.5934       290.9354       290.9106       290.4398       289.6707       288.8386       288.0343    
 2071   287.6532       287.8961       288.6051       289.4789       290.1646       290.6946       291.0161       290.8623       290.2899       289.4542       288.4048       287.6061    
 2072   287.1284       287.5605       287.9659       289.2506       290.0204       290.6516       291.0570       290.9951       290.4019       289.6582       288.7699       287.8510    
 2073   287.6886       287.6642       288.1096       289.0062       289.8973       290.5003       290.9308       290.7918       290.2713       289.4901       288.4809       287.4970    
 2074   287.2164       287.3533       288.0794       289.1885       289.9438       290.5642       291.0036       290.9537       290.3382       289.5532       288.5380       287.7069    
 2075   287.1852       287.4466       288.1771       289.3340       290.2473       290.8770       291.1952       291.0739       290.5782       289.7106       288.6421       287.7470    
 2076   287.2035       287.5597       288.2823       289.3504       290.1272       290.7338       291.1214       291.0852       290.5678       289.7188       288.8293       287.9169    
 2077   287.5648       287.8787       288.3590       289.3065       290.2734       290.9850       291.3799       291.2756       290.6344       289.9555       289.0081       287.9662    
 2078   287.5540       287.9234       288.6040       289.5824       290.2601       290.8966       291.1823       291.0887       290.4994       289.6415       288.7518       287.8533    
 2079   287.4778       287.9024       288.4578       289.3997       290.2882       290.9440       291.1699       291.1834       290.5775       289.9283       288.7597       287.9471    
 2080   287.6380       288.1378       288.7264       289.7286       290.4742       291.0965       291.4391       291.3118       290.8350       290.1543       289.2744       288.3418    
 2081   287.7002       287.9377       288.5900       289.6362       290.5168       291.0517       291.3595       291.3974       290.9221       290.1371       289.2449       288.3623    
 2082   287.8010       288.3121       288.7937       289.7285       290.5256       291.1225       291.4085       291.3036       290.7124       289.9739       288.9179       288.0972    
 2083   287.6935       287.7928       288.7422       289.5537       290.4997       291.0727       291.4224       291.3586       290.9197       290.1604       289.2995       288.3881    
 2084   287.8794       288.2333       288.9897       289.7518       290.5170       291.2524       291.5075       291.4164       290.8814       290.2157       289.1014       288.3139    
 2085   288.1431       288.3217       288.9843       289.9713       290.7510       291.2622       291.6036       291.5762       291.0546       290.1877       289.3901       288.4894    
 2086   287.9731       288.3476       288.9300       289.8301       290.6689       291.2828       291.6179       291.6005       291.0260       290.1316       289.0872       288.1165    
 2087   287.6969       288.1134       289.0124       289.7611       290.6325       291.2793       291.6820       291.6939       291.2168       290.5368       289.5949       288.7072    
 2088   288.5773       288.3034       289.0058       289.8688       290.7195       291.3528       291.6310       291.6419       290.9968       290.1622       289.1228       288.2225    
 2089   287.8229       288.0357       288.8932       289.8737       290.7799       291.3882       291.7681       291.6601       291.1979       290.3513       289.2601       288.5310    
 2090   288.0620       288.2048       288.8295       289.7534       290.6259       291.3309       291.6232       291.6574       291.1285       290.3321       289.3201       288.3458    
 2091   287.8375       288.0422       288.7909       289.6398       290.6810       291.2266       291.6732       291.6813       291.1848       290.3968       289.3269       288.3818    
 2092   288.0051       288.1671       288.9865       290.0151       290.7928       291.4444       291.8579       291.8337       291.2673       290.3601       289.4058       288.4714    
 2093   288.0416       288.2253       289.0049       289.8728       290.7602       291.4136       291.6350       291.5355       291.0706       290.2314       289.2909       288.4552    
 2094   288.2047       288.2307       289.0695       290.0495       290.8368       291.4716       291.7195       291.6836       291.1764       290.2769       289.4459       288.5886    
 2095   288.0996       288.4995       288.9473       289.9037       290.7979       291.5503       291.9558       291.8893       291.4350       290.5835       289.7650       288.7815    
 2096   288.2433       288.5748       289.2368       290.2548       290.9895       291.7138       292.0070       291.9171       291.3273       290.5975       289.6932       288.9671    
 2097   288.4464       288.5672       289.1088       290.1551       291.0245       291.6324       291.9836       291.9655       291.4915       290.5591       289.7734       288.7679    
 2098   288.4818       288.6594       289.1521       290.2418       291.0301       291.5402       291.8539       291.7990       291.2436       290.5863       289.7601       288.8248    
 2099   288.4103       288.3888       289.1744       290.1485       291.1337       291.8795       292.2910       292.1808       291.7416       290.9611       290.1019       289.1012    
 2100   288.6706       288.4543       289.3777       290.4796       291.2007       291.7702       292.0888       291.9899       291.4564       290.6187       289.8178       288.9544    
