# using minimal fraction of valid points 30.00
# tos [Celsius] from HadGEM2-AO model output prepared for CMIP5 RCP2.6 r1i1p1
# cutting out region lon=    0.000  360.000, lat=  -90.000   90.000
 1861   18.35538       18.56519       18.48865       18.25238       18.01117       17.91470       17.95441       17.95743       17.91037       17.70364       17.70276       17.91281    
 1862   18.36191       18.56500       18.52866       18.27579       18.08603       18.01965       18.03476       18.02371       17.91898       17.80591       17.69675       17.97119    
 1863   18.36359       18.60956       18.53223       18.33905       18.12582       18.08664       18.15268       18.16989       18.03354       17.85709       17.84494       18.02313    
 1864   18.39081       18.60385       18.48187       18.28192       18.10260       18.08545       18.15820       18.17657       18.07385       17.91620       17.87595       18.05829    
 1865   18.39355       18.64825       18.56476       18.31506       18.10281       18.04306       18.06433       18.08908       18.02362       17.86340       17.78708       17.99875    
 1866   18.40948       18.73169       18.65555       18.35715       18.13559       18.05090       18.05508       18.09714       18.02756       17.86731       17.83380       18.09561    
 1867   18.52597       18.69788       18.60184       18.31198       18.08353       18.01028       18.04688       18.06116       17.97873       17.84177       17.74933       17.99106    
 1868   18.40405       18.62946       18.59735       18.30811       18.02127       17.95160       18.04361       18.08331       18.03384       17.80209       17.72397       17.90280    
 1869   18.30768       18.58337       18.51215       18.33704       18.09012       18.02524       18.08728       18.10062       18.03342       17.84595       17.80307       18.05902    
 1870   18.37228       18.57339       18.50293       18.28247       18.03998       17.96136       18.00446       18.07516       18.01523       17.85986       17.84152       18.06427    
 1871   18.50439       18.74600       18.59799       18.34018       18.15677       18.08493       18.09317       18.08694       18.03183       17.88437       17.83536       18.00662    
 1872   18.41150       18.64221       18.53732       18.34348       18.12662       18.06778       18.13800       18.19199       18.10745       17.93723       17.85028       18.04358    
 1873   18.39703       18.60873       18.51450       18.28229       18.06717       18.02301       17.99249       18.03629       17.97791       17.80753       17.79337       18.05566    
 1874   18.42236       18.62964       18.53571       18.32898       18.09219       17.96051       17.95087       17.96225       17.92090       17.74896       17.70062       17.92871    
 1875   18.28680       18.56674       18.52988       18.30801       18.10281       17.99588       17.98029       18.02533       17.94711       17.78076       17.69315       17.86911    
 1876   18.15903       18.38913       18.33133       18.13278       17.90057       17.81967       17.84549       17.84430       17.76132       17.60815       17.58191       17.78296    
 1877   18.18405       18.49664       18.47559       18.26590       18.02713       17.97137       17.96808       18.03912       17.97372       17.82684       17.78256       18.02911    
 1878   18.40640       18.64319       18.58298       18.37192       18.04565       17.91653       17.94424       18.02182       17.90466       17.72238       17.66046       17.89301    
 1879   18.23785       18.54248       18.47305       18.22812       17.97913       17.91672       17.99066       18.06668       18.02863       17.86493       17.80890       17.96039    
 1880   18.35904       18.56134       18.48328       18.25653       18.04221       17.97223       18.01929       18.12323       18.03958       17.87888       17.84631       18.04047    
 1881   18.44077       18.65607       18.59491       18.35364       18.13354       18.09720       18.18530       18.23373       18.15942       18.01959       17.98380       18.24536    
 1882   18.62079       18.82022       18.74661       18.48053       18.20010       18.16309       18.23505       18.24368       18.16086       17.96982       17.87402       18.14474    
 1883   18.52676       18.72354       18.60434       18.38593       18.18958       18.14426       18.18723       18.18085       18.06030       17.88699       17.79559       17.91830    
 1884   18.27170       18.46704       18.39523       18.16574       17.94238       17.86212       17.90903       17.97125       17.89883       17.74066       17.67288       17.82861    
 1885   18.19141       18.42291       18.36780       18.14890       17.93378       17.85617       17.91245       17.93372       17.88806       17.71024       17.64926       17.86859    
 1886   18.21539       18.41248       18.36267       18.17871       17.94272       17.87939       17.92209       18.00998       17.95404       17.79434       17.73218       17.93939    
 1887   18.30960       18.55380       18.47824       18.21863       17.97513       17.91364       17.99731       18.05560       17.96848       17.79706       17.75726       17.98672    
 1888   18.31210       18.54651       18.51434       18.22647       17.99457       17.89490       17.89032       17.97922       17.86060       17.68579       17.67773       17.80042    
 1889   18.17157       18.38589       18.33624       18.14169       17.89343       17.84003       17.93353       17.96628       17.89603       17.72086       17.64767       17.84354    
 1890   18.19818       18.41125       18.29544       18.05502       17.81073       17.77069       17.81018       17.83249       17.74197       17.57550       17.51028       17.68900    
 1891   18.05130       18.27219       18.17615       17.98853       17.81702       17.72659       17.74115       17.79361       17.75220       17.58014       17.54861       17.78699    
 1892   18.15863       18.43466       18.33237       18.12836       17.90329       17.79578       17.81824       17.86496       17.82660       17.66882       17.63998       17.85602    
 1893   18.29355       18.52567       18.40378       18.17480       17.94547       17.84079       17.84549       17.89108       17.77866       17.63062       17.63498       17.87308    
 1894   18.24512       18.46719       18.38690       18.14133       17.95135       17.88928       17.91949       17.96021       17.90500       17.77176       17.72696       17.96143    
 1895   18.34677       18.59793       18.47208       18.19495       18.00513       17.96039       18.03165       18.10938       18.02274       17.82449       17.74329       17.93997    
 1896   18.26913       18.45737       18.42093       18.20142       17.96136       17.89117       17.99139       18.06058       18.01028       17.84073       17.84253       18.06772    
 1897   18.44095       18.60526       18.52228       18.23804       18.02106       17.99707       18.04019       18.09253       18.00482       17.85272       17.74609       17.99023    
 1898   18.39523       18.63504       18.59515       18.31577       18.08200       18.04224       18.06714       18.15356       18.10126       17.94974       17.93475       18.15280    
 1899   18.54871       18.76120       18.61282       18.33585       18.10477       18.00375       18.03946       18.06424       18.02875       17.86447       17.85489       18.07782    
 1900   18.40720       18.60065       18.56430       18.33917       18.08472       17.98813       18.02365       18.04849       17.96414       17.83282       17.80432       18.03000    
 1901   18.38818       18.62665       18.54456       18.30508       18.04721       18.00146       18.04221       18.07898       18.01892       17.83200       17.77576       17.95145    
 1902   18.26544       18.45511       18.39487       18.17438       17.99951       17.91138       17.93094       17.94373       17.85114       17.65314       17.60489       17.83871    
 1903   18.16190       18.41745       18.31378       18.05826       17.82281       17.72037       17.72824       17.79166       17.70392       17.52789       17.43887       17.65988    
 1904   18.00018       18.28049       18.24878       18.03287       17.83170       17.74066       17.79114       17.87469       17.85092       17.70673       17.64047       17.89935    
 1905   18.30460       18.51935       18.37558       18.16574       17.93253       17.87900       17.93860       17.99878       17.94162       17.77927       17.73813       17.97775    
 1906   18.39185       18.57837       18.50302       18.28531       18.05414       17.98352       18.02505       18.06491       17.98846       17.83368       17.78033       18.01880    
 1907   18.31741       18.48953       18.37308       18.15802       17.98724       17.94864       17.99991       18.00021       17.94608       17.79825       17.77725       18.04730    
 1908   18.40775       18.60300       18.49988       18.23599       18.05426       17.96576       18.02957       18.07550       18.03189       17.88162       17.84476       18.06360    
 1909   18.45172       18.65546       18.56635       18.30167       18.04996       17.95883       17.96802       17.98175       17.92984       17.75772       17.70850       17.95761    
 1910   18.35446       18.55017       18.46365       18.22522       17.97778       17.88974       17.91983       17.92612       17.92175       17.80060       17.75717       17.98294    
 1911   18.35602       18.55008       18.52109       18.27927       18.06030       17.98154       18.01956       18.06564       18.00354       17.81409       17.77835       18.00073    
 1912   18.32370       18.52209       18.46841       18.20749       18.03482       17.99161       18.03024       18.05084       17.93277       17.77789       17.74020       17.93671    
 1913   18.29190       18.56061       18.43936       18.19537       17.94775       17.83963       17.89462       17.90683       17.77640       17.62177       17.56738       17.86075    
 1914   18.30212       18.55658       18.45831       18.18961       17.96472       17.89462       17.99069       18.00928       17.91858       17.76431       17.74298       17.99854    
 1915   18.46432       18.66953       18.49390       18.23727       18.02560       17.98770       18.05844       18.07941       18.01160       17.86572       17.76767       17.96814    
 1916   18.33661       18.53415       18.50296       18.27704       18.03162       17.95074       17.97977       18.03879       17.92963       17.73724       17.70303       17.97394    
 1917   18.46735       18.74017       18.63992       18.32867       18.09323       18.04309       18.08066       18.15424       18.09116       17.94000       17.89175       18.11441    
 1918   18.52484       18.73517       18.61578       18.36478       18.11914       18.07913       18.16440       18.17365       18.07925       17.94064       17.87885       18.03891    
 1919   18.43701       18.66266       18.57443       18.30795       18.18964       18.17197       18.25967       18.32562       18.24454       18.09448       18.07889       18.31570    
 1920   18.70392       18.85754       18.76813       18.49353       18.28033       18.17203       18.23685       18.25558       18.14859       17.96112       17.89853       18.08548    
 1921   18.44681       18.62976       18.56433       18.36057       18.16385       18.09857       18.16171       18.17020       18.08804       17.90454       17.84592       18.07504    
 1922   18.48029       18.66379       18.63321       18.41406       18.19324       18.10944       18.18015       18.24451       18.15265       17.97141       17.89578       18.12891    
 1923   18.56577       18.74237       18.67599       18.42111       18.20026       18.10422       18.12012       18.18805       18.15286       17.98907       17.91171       18.12216    
 1924   18.43109       18.60324       18.55429       18.34644       18.10742       18.07605       18.10870       18.15503       18.07260       17.88870       17.78442       18.03082    
 1925   18.47397       18.67929       18.56848       18.35260       18.10242       18.01712       18.05423       18.09012       17.98459       17.84961       17.78125       17.93768    
 1926   18.32315       18.55197       18.45566       18.23627       18.08270       18.01950       18.08304       18.10934       18.03680       17.86484       17.83029       18.08389    
 1927   18.52362       18.78342       18.67932       18.41263       18.18927       18.07010       18.13348       18.17245       18.10770       17.91757       17.88248       18.11536    
 1928   18.48776       18.69070       18.58972       18.36655       18.12161       18.02530       18.08191       18.10397       18.07898       17.93192       17.86008       18.09882    
 1929   18.50311       18.70895       18.68103       18.44571       18.20218       18.09610       18.11520       18.13727       18.07425       17.89120       17.84448       18.06265    
 1930   18.43066       18.66885       18.60733       18.36874       18.13477       18.04868       18.03293       18.05493       17.97604       17.80643       17.70206       17.91733    
 1931   18.30301       18.50558       18.46869       18.28262       18.09674       18.00772       18.06058       18.11844       18.07047       17.89746       17.87405       18.09232    
 1932   18.49579       18.71548       18.61575       18.38388       18.13141       18.02036       18.04645       18.08704       18.02643       17.91696       17.90802       18.19324    
 1933   18.57727       18.77600       18.65662       18.41684       18.15912       18.07202       18.14563       18.20316       18.13187       17.95187       17.87610       18.07248    
 1934   18.40378       18.59286       18.55331       18.33524       18.11026       18.00348       18.04373       18.06714       18.01190       17.82877       17.73651       18.04541    
 1935   18.40985       18.63986       18.59848       18.37457       18.15649       18.08521       18.09601       18.16016       18.12393       18.00302       17.96313       18.22589    
 1936   18.63449       18.87027       18.70831       18.42447       18.19156       18.12323       18.20581       18.26367       18.14554       17.97009       17.93390       18.12259    
 1937   18.53778       18.79831       18.66653       18.47723       18.23831       18.19196       18.27640       18.32123       18.21561       18.05194       18.01904       18.25311    
 1938   18.64490       18.83670       18.79639       18.48767       18.21442       18.10385       18.14871       18.19855       18.14688       18.06116       17.96234       18.13797    
 1939   18.56644       18.74451       18.63168       18.42661       18.25186       18.16324       18.21429       18.28409       18.18488       18.03152       17.94180       18.08817    
 1940   18.47580       18.67908       18.63828       18.43927       18.27374       18.21323       18.21951       18.27988       18.20511       18.03217       17.95013       18.14264    
 1941   18.50122       18.71991       18.67688       18.47107       18.24203       18.18655       18.25021       18.31488       18.25009       18.08368       18.05051       18.25656    
 1942   18.60114       18.81400       18.75687       18.53149       18.28912       18.20245       18.24570       18.31436       18.21777       18.01373       17.94745       18.13025    
 1943   18.51349       18.71130       18.65576       18.40714       18.15527       18.04556       18.07663       18.10608       18.01099       17.82901       17.78696       18.02832    
 1944   18.39902       18.65952       18.54697       18.33575       18.11322       18.00696       18.02023       18.06781       17.98608       17.88638       17.84109       18.04605    
 1945   18.44284       18.69113       18.58594       18.37463       18.16479       18.06995       18.09222       18.13379       18.09763       17.93906       17.88736       18.13382    
 1946   18.51797       18.76706       18.67941       18.42953       18.20081       18.10077       18.15778       18.15598       18.08221       17.92783       17.89691       18.13644    
 1947   18.52637       18.82004       18.69434       18.47415       18.24887       18.19763       18.25720       18.28821       18.18521       18.01465       17.93301       18.17661    
 1948   18.58105       18.86707       18.78711       18.48172       18.25153       18.19852       18.25638       18.24707       18.17996       18.00305       17.97083       18.23581    
 1949   18.64587       18.84897       18.74576       18.48514       18.29291       18.21573       18.27026       18.33322       18.27078       18.15182       18.08643       18.33249    
 1950   18.73242       18.90387       18.82172       18.57443       18.32748       18.23383       18.26108       18.28616       18.19577       17.99823       17.89810       18.10165    
 1951   18.47861       18.64935       18.57410       18.39407       18.18683       18.09360       18.11450       18.18478       18.11185       17.99152       17.97409       18.22031    
 1952   18.63229       18.83737       18.67914       18.39053       18.15240       18.06503       18.10498       18.18616       18.17657       17.96191       17.90359       18.12482    
 1953   18.51053       18.77133       18.67316       18.44205       18.18042       18.12582       18.20718       18.26392       18.21243       18.00674       17.95251       18.17007    
 1954   18.56198       18.75797       18.67624       18.44086       18.18835       18.09506       18.13919       18.18164       18.09583       17.92752       17.86240       18.09445    
 1955   18.47220       18.71277       18.66510       18.38544       18.19189       18.11145       18.16980       18.15033       18.11484       17.93625       17.90408       18.18137    
 1956   18.62268       18.83670       18.74841       18.46960       18.23550       18.18973       18.27557       18.36014       18.25214       18.04135       17.99640       18.19339    
 1957   18.66599       18.85947       18.77509       18.53226       18.30655       18.25916       18.29501       18.29144       18.25046       18.05771       17.98361       18.22577    
 1958   18.63513       18.85690       18.75491       18.49350       18.27417       18.18466       18.21823       18.25211       18.16397       18.03677       18.00156       18.22839    
 1959   18.64319       18.91599       18.78720       18.53439       18.29922       18.24237       18.26608       18.32553       18.28949       18.12912       18.11533       18.32916    
 1960   18.76160       18.92523       18.69766       18.45361       18.21860       18.11450       18.16629       18.20688       18.21210       18.07544       18.06799       18.25015    
 1961   18.62067       18.82056       18.67419       18.44016       18.20435       18.12589       18.15616       18.24207       18.20871       18.04053       17.98813       18.25583    
 1962   18.67148       18.89142       18.75830       18.46033       18.21109       18.14160       18.19400       18.24347       18.10992       17.96075       17.90756       18.12161    
 1963   18.45950       18.72903       18.66925       18.40466       18.20514       18.11862       18.16818       18.18387       18.08975       17.91934       17.84998       18.02283    
 1964   18.34805       18.55112       18.39645       18.22717       17.98990       17.86984       17.80737       17.85056       17.78009       17.61139       17.56631       17.85559    
 1965   18.23251       18.50168       18.49500       18.24637       17.99051       17.90857       17.91516       18.00754       17.96048       17.85980       17.82886       18.05423    
 1966   18.43994       18.69522       18.56021       18.30856       18.05621       17.96646       18.00165       18.04114       17.97522       17.82190       17.84790       18.06970    
 1967   18.44501       18.68329       18.57071       18.38736       18.14865       18.04227       18.07184       18.08768       18.03104       17.85056       17.78543       17.99222    
 1968   18.43686       18.64407       18.54639       18.27722       18.07501       18.03336       18.09384       18.09863       18.05524       17.91037       17.85556       18.11240    
 1969   18.56195       18.78998       18.66943       18.38971       18.13065       17.98843       17.99777       18.02594       17.97684       17.82050       17.81018       18.12439    
 1970   18.48431       18.75418       18.62595       18.36368       18.08334       17.97830       18.04187       18.10339       18.06445       17.91049       17.86679       18.06427    
 1971   18.50797       18.68985       18.55536       18.29599       18.09515       17.97751       17.99774       18.03485       17.93170       17.77271       17.72968       17.95764    
 1972   18.34225       18.64905       18.55618       18.32156       18.10574       18.00986       18.03030       18.09702       18.06888       17.91940       17.89749       18.18396    
 1973   18.54761       18.77759       18.65878       18.38245       18.15799       18.05081       18.07111       18.11316       18.07498       17.90146       17.89063       18.24017    
 1974   18.64655       18.83713       18.70581       18.41840       18.19223       18.08749       18.09625       18.15167       18.05759       17.87851       17.89502       18.17993    
 1975   18.62631       18.79977       18.66360       18.39691       18.13965       18.01498       17.99954       17.96448       17.89825       17.69971       17.68665       17.91501    
 1976   18.30084       18.53033       18.52646       18.29715       18.04993       17.99686       18.05099       18.12479       18.07336       17.91302       17.85574       18.02914    
 1977   18.38010       18.58829       18.49170       18.25562       18.02377       17.91928       17.96674       17.99493       17.87991       17.76263       17.68216       17.87399    
 1978   18.20313       18.45752       18.42487       18.22894       18.04871       17.99756       18.03485       18.04474       18.00479       17.86554       17.82675       18.05078    
 1979   18.46213       18.70352       18.60269       18.37485       18.12155       18.05063       18.08887       18.11725       18.07788       17.88391       17.83484       18.08383    
 1980   18.51431       18.68402       18.64331       18.39932       18.18921       18.12897       18.21866       18.29547       18.21185       18.01151       17.98471       18.22412    
 1981   18.70108       18.97015       18.86826       18.55197       18.30023       18.19995       18.19949       18.23666       18.17603       18.02325       17.95874       18.19415    
 1982   18.53741       18.75497       18.68231       18.43213       18.21399       18.18158       18.22467       18.25220       18.13489       17.93246       17.87213       18.12759    
 1983   18.55646       18.73148       18.60577       18.33032       18.13843       18.05203       18.05643       18.09824       18.04086       17.86237       17.79254       18.03806    
 1984   18.43884       18.68790       18.61969       18.36865       18.17862       18.07028       18.09512       18.12891       18.09421       17.95303       17.90305       18.23230    
 1985   18.76651       19.00565       18.88144       18.54114       18.34106       18.29718       18.31851       18.37009       18.28928       18.12247       18.04056       18.28360    
 1986   18.62897       18.83655       18.74301       18.52536       18.31000       18.27139       18.30499       18.35602       18.26614       18.13876       18.08945       18.32462    
 1987   18.75842       19.00259       18.91910       18.59274       18.31674       18.18222       18.22598       18.28403       18.23370       18.09857       18.07184       18.32855    
 1988   18.84152       19.02219       18.84506       18.60229       18.39545       18.36551       18.38248       18.43979       18.32565       18.17233       18.11963       18.31696    
 1989   18.66867       18.89008       18.81018       18.58951       18.36325       18.34756       18.39777       18.42740       18.35370       18.19266       18.12802       18.40683    
 1990   18.85489       19.09705       18.96436       18.67966       18.43848       18.30435       18.30173       18.30441       18.21268       18.02167       18.00729       18.17868    
 1991   18.55008       18.86249       18.77148       18.53140       18.31464       18.24429       18.27518       18.30164       18.21335       18.03955       17.95258       18.11978    
 1992   18.47391       18.68881       18.61813       18.41330       18.22540       18.16394       18.20663       18.23279       18.15842       17.98212       17.94897       18.15839    
 1993   18.50180       18.71545       18.64655       18.44897       18.28244       18.17230       18.22598       18.28986       18.18649       18.03543       17.98816       18.25067    
 1994   18.59268       18.75351       18.70285       18.47568       18.22723       18.08810       18.08853       18.12054       18.03250       17.87393       17.81610       18.06848    
 1995   18.50760       18.75534       18.65790       18.39511       18.15433       18.04877       18.07980       18.17548       18.11038       17.94348       17.91559       18.16971    
 1996   18.53497       18.78564       18.72647       18.46759       18.26740       18.19519       18.22556       18.23990       18.18784       18.01773       17.99854       18.28485    
 1997   18.77499       19.02115       18.91000       18.66672       18.42120       18.29755       18.35141       18.41870       18.38266       18.21609       18.14218       18.38736    
 1998   18.79797       18.96927       18.88214       18.60559       18.38275       18.31113       18.36084       18.39380       18.35251       18.22403       18.19138       18.42828    
 1999   18.81232       19.00256       18.96036       18.72473       18.43588       18.35126       18.37213       18.43024       18.40616       18.23810       18.22733       18.46271    
 2000   18.88562       19.04578       18.86349       18.66190       18.42419       18.37662       18.44901       18.48901       18.42560       18.26712       18.23203       18.41260    
 2001   18.79431       19.02490       18.94849       18.70493       18.45831       18.41223       18.51984       18.56625       18.53455       18.39203       18.36694       18.52670    
 2002   18.92062       19.13348       19.06213       18.81174       18.60437       18.51624       18.60696       18.65677       18.58121       18.37869       18.30731       18.51581    
 2003   18.93350       19.14954       19.09668       18.87817       18.66296       18.53317       18.56708       18.65634       18.59155       18.42490       18.40073       18.67886    
 2004   19.10443       19.34738       19.22568       18.97769       18.76450       18.69888       18.71057       18.73691       18.62115       18.45258       18.43918       18.71359    
 2005   19.12250       19.29233       19.21692       18.99615       18.78357       18.71890       18.77164       18.81094       18.72308       18.56387       18.52948       18.83298    
 2006   19.22147       19.38449       19.24274       18.99930       18.77216       18.67709       18.71008       18.79449       18.70331       18.48254       18.41098       18.69281    
 2007   19.11310       19.30521       19.15784       18.91757       18.67029       18.58514       18.64185       18.62799       18.56625       18.40286       18.32010       18.56256    
 2008   18.99640       19.24832       19.06995       18.84088       18.62222       18.53806       18.62228       18.65088       18.59479       18.40140       18.38528       18.65219    
 2009   19.03345       19.18445       19.08621       18.86768       18.66364       18.59308       18.63666       18.67606       18.60358       18.45029       18.39426       18.64948    
 2010   19.00031       19.24304       19.05338       18.83078       18.62271       18.51633       18.57346       18.64676       18.57443       18.39987       18.34467       18.58505    
 2011   18.89139       19.14499       19.09937       18.86841       18.66565       18.62231       18.64459       18.68185       18.59058       18.39053       18.37033       18.60245    
 2012   19.04550       19.24533       19.09146       18.85422       18.64307       18.57062       18.61795       18.71518       18.60654       18.40244       18.34644       18.54739    
 2013   18.96835       19.12396       19.07870       18.84872       18.62344       18.56805       18.58566       18.55313       18.45706       18.28952       18.21445       18.45844    
 2014   18.81827       19.03873       19.01691       18.78659       18.59787       18.53455       18.54639       18.57147       18.51468       18.32834       18.32755       18.63315    
 2015   18.99680       19.14944       19.08920       18.87061       18.64163       18.60211       18.66922       18.74014       18.69641       18.46225       18.39896       18.63184    
 2016   19.11865       19.36996       19.26318       18.94086       18.67462       18.63394       18.71512       18.75720       18.62888       18.51581       18.45865       18.71783    
 2017   19.16205       19.36954       19.26154       18.97244       18.72403       18.63214       18.67337       18.73648       18.66718       18.48434       18.46735       18.72372    
 2018   19.10251       19.28516       19.19623       18.94385       18.69983       18.60156       18.65738       18.71649       18.65958       18.47858       18.38965       18.61218    
 2019   18.99615       19.20242       19.11328       18.86072       18.68271       18.64908       18.70947       18.79941       18.71796       18.51797       18.49261       18.62885    
 2020   18.87851       19.08261       19.04315       18.82550       18.59509       18.52835       18.56705       18.64822       18.59488       18.42859       18.37698       18.60226    
 2021   18.99561       19.20435       19.11710       18.88541       18.67703       18.60400       18.65079       18.72192       18.68634       18.50052       18.41129       18.64490    
 2022   19.04672       19.33435       19.23932       18.93588       18.67212       18.63327       18.68466       18.69196       18.63577       18.43994       18.34497       18.54294    
 2023   18.97754       19.17923       19.08459       18.88797       18.70560       18.66641       18.73651       18.80124       18.71628       18.56198       18.50226       18.66904    
 2024   19.02991       19.19751       19.11237       18.87448       18.69824       18.63193       18.64297       18.73297       18.68701       18.50031       18.43713       18.62262    
 2025   18.95834       19.18390       19.11237       18.87888       18.68692       18.57968       18.62900       18.71533       18.68408       18.50998       18.46790       18.75034    
 2026   19.17523       19.40558       19.26465       18.99753       18.80496       18.77393       18.77631       18.80389       18.73090       18.55493       18.46216       18.68286    
 2027   19.06760       19.21420       19.07523       18.86966       18.68793       18.64450       18.70279       18.78326       18.68420       18.51962       18.42120       18.59192    
 2028   18.94989       19.15302       19.11520       18.90387       18.77289       18.72928       18.75110       18.84079       18.78677       18.63867       18.58585       18.86713    
 2029   19.33221       19.54272       19.39221       19.03015       18.83582       18.76169       18.77771       18.80716       18.71579       18.56982       18.49258       18.69440    
 2030   19.09601       19.29861       19.27432       19.02979       18.80728       18.68744       18.72897       18.75812       18.67593       18.50763       18.41141       18.64600    
 2031   19.00662       19.21921       19.16824       18.96307       18.72174       18.64938       18.65591       18.69727       18.61972       18.45984       18.37289       18.67404    
 2032   19.08350       19.35278       19.20416       18.96692       18.75281       18.68790       18.78635       18.85547       18.75647       18.52710       18.44955       18.62302    
 2033   18.98047       19.19714       19.17178       18.88657       18.69150       18.65250       18.75159       18.81680       18.70523       18.53262       18.48669       18.68521    
 2034   18.97391       19.18756       19.17883       18.92755       18.71970       18.65079       18.69403       18.79361       18.75171       18.53760       18.42514       18.63922    
 2035   18.98593       19.20209       19.18365       18.93936       18.72833       18.66205       18.76157       18.83838       18.80252       18.61618       18.57373       18.76248    
 2036   19.12225       19.31033       19.26572       19.00076       18.78723       18.77591       18.84116       18.91534       18.84253       18.65823       18.61646       18.88602    
 2037   19.29147       19.52307       19.36899       19.10156       18.88931       18.84784       18.92081       19.00113       18.93332       18.74695       18.64862       18.91525    
 2038   19.36041       19.59540       19.48245       19.19955       19.01270       18.93170       18.99573       19.04126       19.03238       18.82275       18.74402       19.00507    
 2039   19.38116       19.53366       19.40912       19.16904       18.94833       18.86517       19.00159       19.11102       19.03433       18.84607       18.78302       18.94849    
 2040   19.30676       19.49677       19.40005       19.15051       18.95084       18.93582       19.06067       19.08380       18.96896       18.78552       18.66687       18.85403    
 2041   19.27319       19.40594       19.29269       19.13138       18.91742       18.86725       18.96658       18.99258       18.91611       18.70081       18.60956       18.79099    
 2042   19.13568       19.37488       19.38824       19.10944       18.87854       18.81055       18.87396       18.94229       18.81805       18.62863       18.55972       18.74194    
 2043   19.06772       19.30490       19.27155       19.08636       18.89618       18.86819       18.94473       19.01648       18.93802       18.76578       18.70078       18.91876    
 2044   19.29398       19.46207       19.39713       19.15707       18.94659       18.85715       18.90247       18.94925       18.86310       18.65765       18.58728       18.79153    
 2045   19.18518       19.40015       19.36063       19.13422       18.88837       18.82959       18.95184       19.02814       19.00958       18.79245       18.67349       18.86230    
 2046   19.21750       19.38501       19.37656       19.13043       19.00439       18.99115       19.08640       19.08533       18.99902       18.78876       18.65097       18.78183    
 2047   19.09537       19.27252       19.33728       19.14951       18.91483       18.90921       19.01434       19.08493       18.97250       18.73862       18.62677       18.82489    
 2048   19.23978       19.52252       19.45062       19.23697       19.03564       19.00208       19.09552       19.18231       19.05930       18.86948       18.78134       18.96021    
 2049   19.30920       19.56027       19.48962       19.22531       19.01770       18.95715       19.05188       19.12390       19.07739       18.89600       18.86197       19.02905    
 2050   19.43414       19.69757       19.59161       19.31241       19.13977       19.08554       19.13876       19.14035       19.11328       18.91885       18.84796       19.03799    
 2051   19.34927       19.56424       19.50034       19.29572       19.08820       19.05154       19.15457       19.23300       19.17337       18.98325       18.89615       19.13358    
 2052   19.56424       19.77670       19.64847       19.34448       19.14282       19.07358       19.13770       19.23523       19.17609       19.00620       18.95636       19.18234    
 2053   19.57974       19.78137       19.64877       19.35455       19.13644       19.05933       19.11230       19.21445       19.13947       18.92319       18.84256       19.09485    
 2054   19.49536       19.66245       19.57834       19.29117       19.11057       19.05966       19.13303       19.20193       19.13977       18.96558       18.88876       19.05978    
 2055   19.44540       19.61911       19.54562       19.31766       19.07114       19.02292       19.10498       19.16025       19.13309       18.89813       18.84628       18.94849    
 2056   19.27332       19.44916       19.46255       19.28790       19.07108       19.01511       19.12027       19.20004       19.10919       18.86398       18.75540       18.96698    
 2057   19.35806       19.57703       19.48334       19.22513       19.02899       19.01547       19.11719       19.17529       19.10120       18.86542       18.72565       18.92072    
 2058   19.30661       19.58401       19.53247       19.28094       19.06567       19.02017       19.09204       19.20444       19.17401       18.97842       18.83997       19.03922    
 2059   19.47253       19.64676       19.60638       19.34180       19.09735       19.03766       19.07559       19.16516       19.09036       18.90927       18.79651       19.05212    
 2060   19.41150       19.61285       19.52164       19.30450       19.08224       19.00104       19.07513       19.08801       18.95425       18.76962       18.68219       18.90042    
 2061   19.23553       19.51367       19.40372       19.19025       19.02335       18.99060       19.09076       19.18051       19.14441       18.98843       18.91965       19.12555    
 2062   19.53052       19.74112       19.62991       19.36432       19.16281       19.06094       19.05017       19.06366       18.99576       18.86377       18.77048       18.99896    
 2063   19.40869       19.66345       19.56689       19.37015       19.11957       19.08685       19.15295       19.24710       19.19229       19.00870       18.91125       19.11047    
 2064   19.46201       19.68253       19.61554       19.33188       19.11581       19.03699       19.01364       19.05316       18.99213       18.79379       18.72363       18.91071    
 2065   19.24158       19.45874       19.44409       19.17807       19.01761       18.95181       19.06873       19.16684       19.14471       18.92255       18.84879       19.08521    
 2066   19.45200       19.67648       19.56531       19.31720       19.04453       18.94730       18.99911       19.10736       19.02399       18.83414       18.78528       19.01578    
 2067   19.42667       19.63745       19.48425       19.23322       19.03494       18.99530       19.10175       19.19836       19.11368       18.88303       18.82339       19.00589    
 2068   19.43100       19.62119       19.53137       19.27274       19.09634       19.00525       19.07880       19.12933       19.05743       18.88232       18.81345       19.05225    
 2069   19.41321       19.60010       19.51233       19.24026       19.03134       18.96381       19.04532       19.06604       18.97919       18.81741       18.69388       18.96332    
 2070   19.41751       19.63885       19.52597       19.22443       18.98410       18.93030       19.00327       19.08295       19.00598       18.79562       18.76053       18.98322    
 2071   19.43848       19.65497       19.53342       19.22974       19.03137       18.98325       19.03641       19.10904       18.98026       18.79843       18.72366       18.93106    
 2072   19.35962       19.55371       19.50198       19.25687       19.07889       19.05267       19.17996       19.29169       19.21542       18.96191       18.83740       19.04916    
 2073   19.40659       19.57477       19.47977       19.25409       19.03625       18.96442       19.07117       19.13342       19.04825       18.82938       18.73212       18.90652    
 2074   19.23962       19.54037       19.45050       19.19711       18.96259       18.89090       18.98920       19.05704       19.01468       18.82919       18.77609       18.95602    
 2075   19.29437       19.43069       19.38821       19.13071       18.89529       18.86304       18.94720       19.03613       18.95013       18.72964       18.66022       18.83710    
 2076   19.22684       19.47571       19.41565       19.14175       18.94208       18.83447       18.87158       18.97391       18.94159       18.77286       18.68304       18.85251    
 2077   19.17490       19.38852       19.32635       19.14688       18.91898       18.85657       18.85718       18.92780       18.88147       18.67551       18.65161       18.85086    
 2078   19.20068       19.40671       19.33035       19.08582       18.93262       18.89160       18.99872       19.06454       18.96564       18.76083       18.69614       18.88519    
 2079   19.32211       19.56430       19.53427       19.28418       19.04037       19.00922       19.08951       19.21127       19.11316       18.89618       18.80188       19.05093    
 2080   19.50919       19.73035       19.61234       19.35315       19.07745       18.99649       19.01312       18.99570       18.94119       18.81738       18.79919       19.03333    
 2081   19.42334       19.69989       19.62082       19.31693       19.15875       19.12207       19.17938       19.21683       19.12408       18.91580       18.81409       18.99695    
 2082   19.34100       19.54660       19.49030       19.29288       19.09909       18.99725       19.07620       19.15210       19.07736       18.88113       18.79944       18.94482    
 2083   19.35837       19.60880       19.48395       19.24176       19.02185       18.94238       19.01300       19.10114       19.02109       18.83536       18.77399       19.04395    
 2084   19.48645       19.69333       19.58542       19.32785       19.06873       19.01874       19.10046       19.14816       19.02826       18.85263       18.74115       18.95496    
 2085   19.41586       19.67740       19.52039       19.25714       19.05255       19.02737       19.08569       19.17404       19.09363       18.88330       18.85269       19.08636    
 2086   19.52798       19.76157       19.64917       19.35403       19.09851       19.05927       19.17694       19.24628       19.17255       18.99799       18.89142       19.13657    
 2087   19.54089       19.72348       19.63638       19.36893       19.14420       19.13876       19.22491       19.29526       19.20416       18.96762       18.85443       19.01846    
 2088   19.37292       19.58228       19.50180       19.29282       19.13300       19.08301       19.21365       19.27582       19.18402       18.96423       18.81677       19.02588    
 2089   19.40546       19.59930       19.48340       19.28140       19.03012       18.97845       19.07404       19.13901       19.05875       18.92752       18.85577       19.02637    
 2090   19.37125       19.63266       19.55676       19.30661       19.11035       19.08701       19.18121       19.27347       19.16788       19.00049       18.94485       19.18753    
 2091   19.57193       19.76422       19.65396       19.40536       19.22302       19.16269       19.15768       19.23029       19.18054       18.96783       18.84479       19.00323    
 2092   19.38171       19.55325       19.53766       19.31277       19.16080       19.15665       19.23938       19.30988       19.25531       19.03284       18.96719       19.16510    
 2093   19.53238       19.75577       19.64197       19.42685       19.26138       19.18130       19.22989       19.28259       19.26550       19.04556       18.95526       19.15683    
 2094   19.52582       19.66757       19.54395       19.31696       19.13431       19.07016       19.20050       19.26859       19.21960       19.03046       18.94592       19.16669    
 2095   19.51996       19.72458       19.63538       19.41080       19.17694       19.14587       19.19458       19.22250       19.14276       18.96323       18.86755       19.13730    
 2096   19.47894       19.65463       19.55008       19.32935       19.14645       19.16226       19.23184       19.29285       19.23764       19.05191       18.95413       19.19159    
 2097   19.50388       19.72327       19.60391       19.33426       19.13025       19.07483       19.12659       19.19662       19.14175       18.92380       18.79990       19.02420    
 2098   19.44736       19.69019       19.55807       19.29984       19.05792       19.02750       19.13422       19.19144       19.07889       18.92612       18.86353       19.10178    
 2099   19.45953       19.67923       19.58698       19.34433       19.14566       19.08215       19.17969       19.28629       19.24152       19.04160       18.95105       19.16342    
 2100   19.54816       19.70865       19.61426       19.38596       19.13474       19.06021       19.12112       19.21951       19.15619       18.98172       18.90933       19.05917    
