# using minimal fraction of valid points 30.00
# tos [Celsius] from MIROC5 model output prepared for CMIP5 RCP4.5
# cutting out region lon=    0.000  360.000, lat=  -90.000   90.000
 1861   18.04486       18.23053       18.28940       18.22195       18.03833       17.85715       17.79034       17.81039       17.80627       17.74069       17.71533       17.83456    
 1862   18.08984       18.27313       18.34888       18.24179       18.04755       17.88489       17.82925       17.84885       17.84930       17.77875       17.76425       17.88782    
 1863   18.14664       18.36215       18.40460       18.31558       18.10602       17.90182       17.83194       17.82681       17.82434       17.75131       17.72269       17.84262    
 1864   18.07224       18.28464       18.33249       18.23001       18.00165       17.81439       17.77353       17.79410       17.77502       17.68881       17.64676       17.78589    
 1865   18.04816       18.22372       18.29904       18.17538       17.97266       17.77463       17.72946       17.74353       17.70990       17.63434       17.61511       17.75644    
 1866   18.02679       18.22015       18.27545       18.19009       17.99521       17.79169       17.73984       17.73721       17.71872       17.66010       17.64587       17.76767    
 1867   18.03500       18.23724       18.31644       18.23798       18.03821       17.85791       17.80789       17.83463       17.81180       17.75598       17.73703       17.87268    
 1868   18.09637       18.30673       18.33765       18.24118       18.04044       17.86865       17.81000       17.82214       17.81149       17.72736       17.71353       17.84366    
 1869   18.11774       18.30139       18.36459       18.27570       18.08041       17.87460       17.78354       17.79126       17.78528       17.70419       17.68814       17.81006    
 1870   18.05933       18.25061       18.30133       18.24573       18.03787       17.83939       17.76660       17.77228       17.76077       17.69733       17.67853       17.81818    
 1871   18.08926       18.28378       18.35260       18.24594       18.04163       17.87350       17.79831       17.81766       17.80826       17.74155       17.71957       17.86032    
 1872   18.12393       18.33322       18.38263       18.29614       18.10977       17.90625       17.83105       17.85751       17.84955       17.77020       17.73123       17.87009    
 1873   18.13770       18.32803       18.39258       18.29782       18.10217       17.90820       17.83267       17.83932       17.80881       17.71658       17.70776       17.83051    
 1874   18.06012       18.23767       18.29010       18.20877       18.01282       17.83151       17.76270       17.80164       17.80087       17.75311       17.72321       17.83676    
 1875   18.08881       18.29651       18.35364       18.25504       18.05768       17.88824       17.83032       17.87524       17.87140       17.83209       17.81995       17.94983    
 1876   18.18314       18.38330       18.43414       18.35010       18.15652       17.95731       17.90106       17.92233       17.91168       17.83682       17.79880       17.89865    
 1877   18.13162       18.32404       18.39511       18.28983       18.07251       17.86435       17.80148       17.79694       17.78827       17.73157       17.70746       17.84747    
 1878   18.12085       18.31516       18.37372       18.26727       18.06018       17.86136       17.78528       17.79913       17.78522       17.70132       17.68521       17.80438    
 1879   18.04410       18.23318       18.30994       18.20001       17.98419       17.80643       17.74649       17.76370       17.76117       17.67819       17.66394       17.79413    
 1880   18.05042       18.27161       18.32852       18.22754       18.00909       17.83084       17.76245       17.78726       17.78549       17.73328       17.71082       17.84320    
 1881   18.10022       18.28458       18.35983       18.28281       18.08237       17.89679       17.84888       17.86713       17.86349       17.78503       17.74191       17.88004    
 1882   18.13788       18.33554       18.38672       18.29214       18.09833       17.89337       17.83163       17.83530       17.82159       17.75192       17.74265       17.85623    
 1883   18.10245       18.29218       18.32935       18.22430       18.02960       17.83997       17.79099       17.82642       17.80679       17.71918       17.69693       17.80902    
 1884   18.03568       18.21762       18.27209       18.14728       17.94244       17.75229       17.67245       17.67258       17.66281       17.60385       17.59479       17.70633    
 1885   17.94507       18.13559       18.17932       18.08960       17.87921       17.67682       17.61035       17.62479       17.61160       17.53867       17.50937       17.66016    
 1886   17.91150       18.12546       18.18015       18.06897       17.86255       17.67664       17.61639       17.63470       17.62903       17.57465       17.52603       17.64514    
 1887   17.90552       18.11475       18.17801       18.09082       17.89520       17.69302       17.63754       17.65015       17.65134       17.59338       17.56876       17.69852    
 1888   17.94336       18.14075       18.21381       18.13547       17.92288       17.74411       17.67371       17.69708       17.70059       17.63687       17.61502       17.73108    
 1889   17.97702       18.18396       18.22955       18.14761       17.95758       17.77576       17.72803       17.75967       17.74902       17.69043       17.67169       17.79489    
 1890   18.05814       18.27466       18.32776       18.23325       18.03488       17.84848       17.79160       17.79919       17.78845       17.71860       17.69623       17.81192    
 1891   18.06943       18.27295       18.32639       18.21664       17.99966       17.79794       17.71780       17.72412       17.70450       17.61447       17.59387       17.70581    
 1892   17.96091       18.15887       18.24316       18.12762       17.89658       17.71277       17.65527       17.65991       17.65167       17.59805       17.57141       17.69315    
 1893   17.94971       18.14572       18.21030       18.12888       17.94144       17.75259       17.70667       17.72540       17.71130       17.62582       17.61493       17.74490    
 1894   18.01221       18.21844       18.28665       18.20578       17.99814       17.80887       17.74707       17.76260       17.75003       17.65768       17.64865       17.77487    
 1895   18.05573       18.26959       18.32477       18.24252       18.04602       17.84814       17.78854       17.80746       17.78714       17.70667       17.68451       17.83932    
 1896   18.11603       18.30365       18.36395       18.28659       18.06906       17.87222       17.79916       17.80859       17.79459       17.72018       17.66525       17.79672    
 1897   18.04150       18.24728       18.31100       18.21976       18.01907       17.81818       17.76749       17.76682       17.76614       17.69266       17.66940       17.79239    
 1898   18.05884       18.27795       18.32230       18.24405       18.03574       17.84836       17.76584       17.77274       17.76230       17.69443       17.66129       17.80347    
 1899   18.03717       18.24524       18.29840       18.25540       18.05524       17.85867       17.79651       17.81357       17.80679       17.73154       17.71552       17.83597    
 1900   18.08481       18.29453       18.34174       18.25064       18.07397       17.88867       17.83685       17.84744       17.82520       17.73813       17.69885       17.81876    
 1901   18.06882       18.25986       18.32056       18.22797       18.01889       17.83121       17.77155       17.79648       17.77844       17.70432       17.65878       17.78714    
 1902   18.03839       18.23669       18.31262       18.22220       18.02393       17.84332       17.78632       17.79620       17.77417       17.71036       17.67911       17.78589    
 1903   18.02402       18.19659       18.24475       18.16333       17.97205       17.76270       17.70657       17.72415       17.69705       17.60999       17.60358       17.70804    
 1904   17.95789       18.15149       18.18869       18.08990       17.87811       17.69052       17.64664       17.65051       17.63724       17.56464       17.53992       17.65881    
 1905   17.90677       18.14157       18.20636       18.10202       17.91599       17.75150       17.70050       17.72012       17.71106       17.66122       17.64032       17.77493    
 1906   18.02567       18.25381       18.30771       18.20688       17.99863       17.83981       17.78836       17.82574       17.83960       17.78198       17.77298       17.91397    
 1907   18.17877       18.39566       18.42999       18.32132       18.11899       17.92999       17.85458       17.84436       17.82376       17.73633       17.73370       17.83313    
 1908   18.06387       18.27499       18.34003       18.23135       18.01559       17.82465       17.74597       17.76315       17.74576       17.65262       17.64011       17.78168    
 1909   18.07523       18.28009       18.33875       18.23749       18.04306       17.87302       17.81821       17.82773       17.83261       17.76505       17.73700       17.87363    
 1910   18.12720       18.32455       18.39465       18.31857       18.11090       17.89899       17.83682       17.85446       17.83414       17.75003       17.73743       17.83777    
 1911   18.08661       18.28839       18.34500       18.25787       18.06259       17.85010       17.77438       17.80438       17.80872       17.74744       17.73276       17.83932    
 1912   18.10941       18.31323       18.38547       18.28247       18.06961       17.87250       17.81198       17.81830       17.79657       17.74075       17.72034       17.86569    
 1913   18.11902       18.32956       18.38821       18.26038       18.04163       17.81982       17.74545       17.72433       17.69748       17.61969       17.58945       17.75430    
 1914   17.99396       18.19522       18.26492       18.17398       17.96533       17.79358       17.73801       17.73944       17.72403       17.63300       17.61139       17.75482    
 1915   18.00821       18.19867       18.28735       18.17511       17.97235       17.80194       17.75723       17.76990       17.74014       17.68170       17.66791       17.77966    
 1916   18.04935       18.27417       18.32071       18.25226       18.06204       17.88235       17.82269       17.83563       17.81827       17.75314       17.72638       17.87195    
 1917   18.13480       18.32468       18.39532       18.30600       18.08987       17.89230       17.83029       17.83389       17.82501       17.74612       17.73593       17.87747    
 1918   18.14673       18.34296       18.39471       18.31693       18.10275       17.89761       17.84869       17.85962       17.83331       17.75073       17.74060       17.88312    
 1919   18.13474       18.31451       18.38464       18.29160       18.08740       17.87869       17.81305       17.84140       17.83850       17.74658       17.72464       17.85178    
 1920   18.12955       18.34171       18.39728       18.29922       18.06635       17.87549       17.80554       17.82611       17.80020       17.74542       17.69919       17.83896    
 1921   18.10681       18.31558       18.35080       18.26096       18.08963       17.91226       17.85126       17.88229       17.87598       17.81815       17.81287       17.95529    
 1922   18.21021       18.41479       18.48816       18.38358       18.19403       18.01575       17.96991       17.99606       18.00790       17.96082       17.95941       18.07840    
 1923   18.34039       18.53543       18.58411       18.48752       18.26807       18.08456       18.01624       18.04266       18.01953       17.93900       17.92575       18.03802    
 1924   18.27591       18.49146       18.53690       18.40555       18.17261       17.96869       17.92136       17.94363       17.93494       17.85812       17.85327       17.95908    
 1925   18.20685       18.41965       18.44931       18.35715       18.12878       17.92603       17.85193       17.87592       17.85999       17.77829       17.76205       17.87140    
 1926   18.11185       18.31787       18.36618       18.26846       18.05054       17.86716       17.79025       17.80664       17.79443       17.71506       17.69104       17.82764    
 1927   18.10141       18.30875       18.36588       18.30643       18.07019       17.86600       17.81522       17.84369       17.82764       17.72989       17.71036       17.83588    
 1928   18.11938       18.30780       18.35345       18.28940       18.10046       17.92609       17.87839       17.90811       17.91776       17.84470       17.83826       17.97195    
 1929   18.23233       18.41455       18.46759       18.37000       18.16800       17.98352       17.91821       17.93793       17.92770       17.86090       17.84973       17.97662    
 1930   18.23755       18.44238       18.51321       18.41638       18.20895       18.00739       17.95004       17.97607       17.96707       17.89539       17.87750       18.02960    
 1931   18.30847       18.48642       18.53244       18.42856       18.25101       18.07050       18.02496       18.06219       18.07309       18.04404       18.02682       18.16443    
 1932   18.42737       18.64066       18.67456       18.56354       18.37201       18.17184       18.08707       18.07336       18.05704       17.97995       17.96341       18.09259    
 1933   18.32117       18.52100       18.58279       18.44510       18.20328       17.99710       17.91696       17.91031       17.87698       17.79568       17.73914       17.86285    
 1934   18.11862       18.30954       18.36450       18.28207       18.03699       17.84750       17.78717       17.80411       17.79352       17.72559       17.71457       17.86206    
 1935   18.11685       18.32312       18.39038       18.28784       18.07083       17.86960       17.82083       17.84000       17.84119       17.75980       17.74402       17.88409    
 1936   18.13947       18.36209       18.40512       18.31116       18.11838       17.93091       17.86667       17.89145       17.88165       17.81943       17.78107       17.93182    
 1937   18.21191       18.41577       18.49265       18.38181       18.14139       17.95343       17.90567       17.92139       17.91431       17.83002       17.80319       17.92734    
 1938   18.21130       18.40695       18.48001       18.39383       18.19940       18.00961       17.94012       17.96674       17.96103       17.87952       17.85403       17.98495    
 1939   18.23737       18.43906       18.48160       18.39514       18.17966       17.99899       17.92477       17.95343       17.94009       17.85654       17.80850       17.94983    
 1940   18.22690       18.42441       18.50241       18.38751       18.16754       17.97833       17.91785       17.93530       17.90146       17.83307       17.82614       17.96005    
 1941   18.22250       18.42853       18.50598       18.40622       18.18375       18.00162       17.95340       17.96918       17.95200       17.86533       17.85272       17.99350    
 1942   18.26541       18.47391       18.54208       18.45160       18.26041       18.07535       18.03888       18.08063       18.06970       18.01251       17.99948       18.15701    
 1943   18.39459       18.58417       18.63483       18.51816       18.30890       18.11942       18.03659       18.04330       18.01312       17.92783       17.89844       18.01138    
 1944   18.25784       18.46582       18.52142       18.41156       18.17871       17.98306       17.93082       17.93802       17.91046       17.80515       17.78207       17.93076    
 1945   18.21194       18.41092       18.46143       18.33829       18.14182       17.94000       17.88904       17.90958       17.90546       17.86197       17.84653       17.97495    
 1946   18.24951       18.44284       18.51852       18.44250       18.25705       18.04962       17.99176       18.01990       18.01492       17.95340       17.95044       18.07324    
 1947   18.33691       18.54169       18.59778       18.53717       18.34485       18.15695       18.09824       18.09872       18.08438       17.99991       17.97906       18.08432    
 1948   18.35089       18.52686       18.59619       18.50162       18.30005       18.08826       18.03378       18.04169       18.00974       17.92319       17.89413       18.03122    
 1949   18.31259       18.52176       18.59103       18.45688       18.27130       18.06332       18.01880       18.04742       18.03922       17.95920       17.95096       18.07983    
 1950   18.33075       18.52524       18.59039       18.48453       18.30176       18.11142       18.07529       18.11346       18.12851       18.09048       18.07352       18.20111    
 1951   18.44485       18.63934       18.71338       18.62247       18.44626       18.26492       18.23523       18.26743       18.29150       18.24240       18.23254       18.34415    
 1952   18.57593       18.75842       18.76715       18.63126       18.39392       18.15335       18.06482       18.04935       18.00195       17.91605       17.86545       17.97778    
 1953   18.21964       18.42731       18.48169       18.32770       18.08798       17.87842       17.80444       17.80505       17.77298       17.70282       17.68408       17.81934    
 1954   18.08087       18.27863       18.35025       18.25983       18.03619       17.85617       17.82736       17.86795       17.87183       17.80124       17.78540       17.92560    
 1955   18.20456       18.38580       18.45224       18.37970       18.19485       18.00555       17.95062       17.98422       17.97690       17.91101       17.89417       18.04620    
 1956   18.28314       18.46722       18.52475       18.45721       18.26630       18.07098       18.01672       18.05200       18.04144       17.97842       17.94809       18.07693    
 1957   18.32391       18.51489       18.56729       18.46631       18.25473       18.06168       17.98785       18.01389       17.98770       17.92413       17.90747       18.03864    
 1958   18.26483       18.49960       18.54779       18.44839       18.23801       18.04721       18.00317       18.01889       17.98557       17.90222       17.87726       18.03687    
 1959   18.31378       18.47913       18.53860       18.44571       18.25351       18.09412       18.03052       18.04807       18.04883       17.97070       17.95236       18.12628    
 1960   18.39761       18.60101       18.65277       18.53839       18.31656       18.11871       18.06824       18.08606       18.07364       18.02036       17.98663       18.14703    
 1961   18.39645       18.57901       18.62714       18.51938       18.30728       18.10367       18.02637       18.01944       17.98776       17.89221       17.84039       17.96133    
 1962   18.21539       18.41324       18.44238       18.33090       18.10931       17.90335       17.84079       17.85159       17.83298       17.74637       17.71332       17.84924    
 1963   18.13193       18.34277       18.39697       18.30707       18.09000       17.89990       17.84906       17.85458       17.83679       17.76541       17.72794       17.85297    
 1964   18.09021       18.29227       18.34970       18.27936       18.07370       17.89108       17.83075       17.84869       17.84531       17.78268       17.76779       17.89200    
 1965   18.15784       18.36694       18.42502       18.32538       18.13120       17.93607       17.85562       17.88715       17.89496       17.84070       17.81857       17.95343    
 1966   18.22321       18.42010       18.49084       18.37723       18.16559       17.97089       17.89297       17.89459       17.88120       17.78915       17.76208       17.86719    
 1967   18.13242       18.30673       18.35571       18.29431       18.07419       17.87274       17.80505       17.81018       17.79489       17.72720       17.70050       17.83560    
 1968   18.10773       18.33063       18.39240       18.30670       18.09702       17.89792       17.81818       17.83032       17.81100       17.73386       17.72745       17.86124    
 1969   18.10339       18.31119       18.34378       18.25296       18.06424       17.85632       17.80475       17.82553       17.82861       17.77142       17.76266       17.90875    
 1970   18.18570       18.38412       18.44977       18.37158       18.18100       17.96277       17.89066       17.90744       17.89545       17.83215       17.83414       17.96210    
 1971   18.21625       18.41501       18.47205       18.38007       18.17850       17.97318       17.90656       17.89688       17.87262       17.79865       17.77643       17.94760    
 1972   18.21658       18.41025       18.47311       18.38037       18.16269       17.95108       17.89554       17.90057       17.89859       17.82764       17.81738       17.95691    
 1973   18.22382       18.41537       18.47574       18.38062       18.16104       17.97278       17.90579       17.93143       17.92035       17.83948       17.83136       17.98413    
 1974   18.27155       18.47891       18.54269       18.45670       18.24380       18.05887       17.99750       18.01089       18.02176       17.96338       17.95908       18.09534    
 1975   18.36670       18.55527       18.59561       18.48831       18.29297       18.07187       18.00073       17.99533       17.98645       17.92279       17.93277       18.08670    
 1976   18.34128       18.55841       18.62637       18.51648       18.31085       18.11813       18.03781       18.01895       17.98981       17.92004       17.87329       18.01645    
 1977   18.28320       18.48398       18.54153       18.44693       18.23325       18.04364       17.97952       18.00546       17.99936       17.94232       17.92755       18.06122    
 1978   18.33374       18.53806       18.60733       18.51392       18.30765       18.08591       18.00534       17.99649       17.97324       17.88632       17.86456       17.96976    
 1979   18.23450       18.44162       18.50854       18.43109       18.23557       18.03806       17.96884       17.97528       17.94760       17.87616       17.85712       17.98672    
 1980   18.25064       18.46759       18.53412       18.43915       18.25232       18.06107       17.99881       18.01529       18.03326       17.95758       17.92538       18.06717    
 1981   18.35660       18.53412       18.58148       18.52103       18.31702       18.11752       18.05801       18.07275       18.07956       18.00815       18.00021       18.15442    
 1982   18.42197       18.62473       18.68451       18.58710       18.37723       18.18716       18.12204       18.12329       18.09122       18.01065       17.99771       18.10574    
 1983   18.33353       18.53000       18.58206       18.48691       18.25870       18.04025       17.96259       17.94586       17.91629       17.83405       17.82388       17.94421    
 1984   18.21628       18.39890       18.43210       18.33694       18.11749       17.91437       17.86057       17.85403       17.82034       17.76205       17.73502       17.89270    
 1985   18.14246       18.37503       18.39587       18.30280       18.10742       17.93924       17.90274       17.93744       17.92627       17.83798       17.82666       17.97128    
 1986   18.24548       18.44446       18.50647       18.43030       18.24136       18.07626       18.02490       18.05026       18.05792       18.01050       17.98489       18.10379    
 1987   18.37610       18.60394       18.68747       18.59067       18.35995       18.15424       18.07544       18.09415       18.08661       18.03076       18.01907       18.13260    
 1988   18.39365       18.59763       18.65042       18.56534       18.37863       18.17343       18.09384       18.10233       18.08551       18.02841       18.01736       18.15411    
 1989   18.41650       18.58456       18.64310       18.55460       18.35104       18.15701       18.09467       18.09738       18.05246       17.98325       17.97964       18.10913    
 1990   18.34845       18.54623       18.60284       18.52911       18.33276       18.14117       18.07288       18.07904       18.04715       17.96671       17.95621       18.08871    
 1991   18.34918       18.51758       18.58640       18.52899       18.34836       18.15387       18.08099       18.09042       18.06018       17.96814       17.92648       18.03442    
 1992   18.28015       18.44702       18.48764       18.40128       18.21939       18.03784       17.96475       17.98511       17.98804       17.92599       17.89725       18.03561    
 1993   18.27481       18.47168       18.54953       18.48221       18.30722       18.14728       18.09311       18.12326       18.12036       18.05087       18.02374       18.13712    
 1994   18.37842       18.54254       18.59561       18.49661       18.29608       18.09897       18.04175       18.04211       18.01208       17.94263       17.90784       18.03998    
 1995   18.28308       18.52832       18.57117       18.47153       18.26691       18.08435       18.05490       18.07047       18.03427       17.96841       17.92807       18.02673    
 1996   18.29172       18.47379       18.54083       18.47025       18.27902       18.09238       18.02362       18.05185       18.02673       17.95465       17.95483       18.08350    
 1997   18.36050       18.54413       18.62476       18.55179       18.38831       18.20792       18.16855       18.21060       18.20358       18.16113       18.15036       18.27682    
 1998   18.51913       18.68591       18.74539       18.66895       18.46121       18.26645       18.24036       18.26968       18.24820       18.15720       18.11780       18.23569    
 1999   18.49225       18.67020       18.74530       18.65073       18.44611       18.28207       18.22928       18.25150       18.23657       18.15942       18.14020       18.24075    
 2000   18.48279       18.68561       18.72769       18.65247       18.44998       18.27408       18.22797       18.24881       18.24222       18.18607       18.19135       18.30835    
 2001   18.55588       18.74612       18.79160       18.72073       18.53882       18.34744       18.30328       18.33197       18.30539       18.25995       18.23047       18.37729    
 2002   18.64230       18.82138       18.88907       18.79678       18.61206       18.42636       18.37836       18.38559       18.38055       18.30066       18.28250       18.42694    
 2003   18.65085       18.84384       18.89447       18.82385       18.59161       18.38867       18.35065       18.36383       18.35870       18.26929       18.24405       18.35690    
 2004   18.61371       18.80130       18.86325       18.79483       18.59494       18.41177       18.37030       18.40808       18.41324       18.33255       18.30319       18.41226    
 2005   18.67468       18.86252       18.93137       18.81064       18.60446       18.40909       18.36188       18.38403       18.35342       18.24606       18.19638       18.31113    
 2006   18.57910       18.75482       18.82040       18.74054       18.53937       18.36679       18.32971       18.36691       18.34781       18.27011       18.24371       18.35620    
 2007   18.58875       18.80069       18.85187       18.77054       18.60251       18.42606       18.39746       18.42099       18.41003       18.33878       18.32666       18.45328    
 2008   18.72580       18.90005       18.96509       18.86682       18.66040       18.48178       18.42297       18.44553       18.44720       18.36993       18.34579       18.46680    
 2009   18.71292       18.90057       18.93146       18.83963       18.65454       18.46017       18.40533       18.41870       18.39594       18.32010       18.30453       18.40860    
 2010   18.63773       18.84500       18.91196       18.79941       18.58102       18.38687       18.35281       18.37646       18.35028       18.26578       18.22311       18.35571    
 2011   18.59958       18.81046       18.87512       18.76688       18.55737       18.37445       18.32230       18.34241       18.32077       18.24316       18.19019       18.31781    
 2012   18.59747       18.79407       18.84653       18.76730       18.57861       18.41107       18.36725       18.39316       18.38870       18.31036       18.29001       18.38083    
 2013   18.62195       18.80328       18.86899       18.80603       18.62207       18.44751       18.42075       18.47906       18.49023       18.43185       18.39999       18.50485    
 2014   18.76328       18.97937       19.01413       18.93051       18.76996       18.61386       18.57547       18.62927       18.64096       18.60358       18.59003       18.69455    
 2015   18.91660       19.13376       19.19220       19.11560       18.92471       18.72205       18.64264       18.67517       18.66357       18.58490       18.53973       18.63498    
 2016   18.86444       19.05432       19.11276       19.01404       18.79443       18.60513       18.56119       18.57520       18.54080       18.43542       18.39703       18.49704    
 2017   18.68488       18.88077       18.92526       18.84229       18.62756       18.43738       18.39566       18.40842       18.37881       18.29395       18.24182       18.38617    
 2018   18.64572       18.85883       18.91138       18.82092       18.61453       18.44229       18.39209       18.41342       18.41022       18.32849       18.28796       18.40710    
 2019   18.65933       18.89441       18.94989       18.87683       18.68527       18.53592       18.51392       18.56174       18.56683       18.48636       18.45578       18.56223    
 2020   18.82373       19.01309       19.05234       18.96445       18.81360       18.64847       18.62329       18.66965       18.67651       18.60117       18.55975       18.68781    
 2021   18.92328       19.12863       19.18054       19.07666       18.88202       18.68762       18.62958       18.63998       18.60406       18.52115       18.46210       18.58057    
 2022   18.81427       18.99869       19.04523       18.96368       18.74304       18.56894       18.54898       18.57315       18.54956       18.48602       18.44141       18.56024    
 2023   18.81659       18.99890       19.06396       18.96667       18.76874       18.57889       18.53995       18.56818       18.56131       18.47940       18.45697       18.58087    
 2024   18.82562       19.04715       19.10138       19.01370       18.81885       18.65515       18.61444       18.64191       18.63129       18.53906       18.50424       18.63815    
 2025   18.89484       19.09189       19.17395       19.07852       18.86868       18.68646       18.66177       18.71783       18.71832       18.62607       18.56738       18.66306    
 2026   18.91931       19.12277       19.17648       19.10764       18.91092       18.73868       18.70233       18.72894       18.71832       18.67386       18.62811       18.76120    
 2027   19.04041       19.22736       19.28223       19.18872       18.97687       18.78342       18.72552       18.75381       18.74219       18.67181       18.64087       18.76279    
 2028   18.98926       19.15268       19.19318       19.08728       18.88248       18.68011       18.59732       18.59985       18.56375       18.48721       18.44562       18.54233    
 2029   18.78708       19.02957       19.07202       18.99155       18.79813       18.59796       18.55569       18.60568       18.60883       18.56363       18.52142       18.65656    
 2030   18.90518       19.08237       19.16705       19.06992       18.88477       18.70306       18.67615       18.72226       18.72333       18.64301       18.61838       18.73318    
 2031   18.96942       19.17877       19.24301       19.14886       18.97919       18.81088       18.76816       18.83301       18.86304       18.79358       18.75125       18.87161    
 2032   19.11270       19.28897       19.33966       19.24432       19.05481       18.84995       18.80292       18.83194       18.83636       18.78030       18.71841       18.82773    
 2033   19.06018       19.28271       19.38028       19.25092       19.03754       18.83734       18.79230       18.80045       18.76584       18.66019       18.60327       18.69830    
 2034   18.93927       19.12326       19.18332       19.08313       18.85968       18.67105       18.62311       18.65671       18.64212       18.54684       18.50781       18.60858    
 2035   18.87119       19.06769       19.13745       19.04556       18.82690       18.64575       18.62830       18.66940       18.66519       18.58313       18.55780       18.68842    
 2036   18.93414       19.13544       19.19366       19.10800       18.91147       18.75998       18.74765       18.79218       18.77591       18.69531       18.67145       18.81937    
 2037   19.04810       19.24759       19.32678       19.22842       19.06430       18.90253       18.88712       18.96072       18.96243       18.90405       18.87958       19.00983    
 2038   19.25708       19.44907       19.50165       19.41086       19.20279       18.98471       18.93344       18.95374       18.94278       18.85187       18.79202       18.87851    
 2039   19.11157       19.32190       19.37836       19.28287       19.05219       18.85666       18.80032       18.78992       18.75861       18.66779       18.59967       18.70724    
 2040   18.94629       19.16122       19.21555       19.13345       18.92267       18.75961       18.73343       18.77661       18.76019       18.65881       18.59543       18.71326    
 2041   18.96378       19.17444       19.23502       19.15701       18.96808       18.81424       18.81464       18.87808       18.86383       18.81622       18.79733       18.91812    
 2042   19.16287       19.34735       19.40631       19.31732       19.17523       19.02567       19.01993       19.08124       19.12906       19.07025       19.05203       19.15775    
 2043   19.40030       19.60648       19.62524       19.53009       19.33432       19.13702       19.09277       19.10663       19.10068       19.01492       18.95975       19.04163    
 2044   19.24341       19.42828       19.47641       19.35162       19.13599       18.95093       18.92102       18.93631       18.91144       18.80963       18.74890       18.84164    
 2045   19.07425       19.27689       19.32153       19.22766       18.98337       18.79892       18.77036       18.81406       18.79462       18.71274       18.66089       18.77979    
 2046   19.03558       19.24310       19.31528       19.25461       19.05533       18.89163       18.87677       18.93362       18.95483       18.87982       18.81613       18.91425    
 2047   19.17145       19.39471       19.45679       19.37549       19.18396       19.02274       19.00958       19.07343       19.08597       19.02011       19.01917       19.14825    
 2048   19.38959       19.57681       19.60446       19.50195       19.31152       19.13989       19.10007       19.13110       19.12469       19.04367       18.98895       19.09378    
 2049   19.32339       19.49841       19.54807       19.44833       19.21780       19.02823       18.98343       19.01309       18.98096       18.86221       18.78320       18.89429    
 2050   19.15054       19.32980       19.37299       19.29422       19.05884       18.88458       18.86343       18.91650       18.91537       18.83539       18.79959       18.90613    
 2051   19.14102       19.34286       19.40079       19.32541       19.12646       18.92603       18.88739       18.91333       18.89410       18.82370       18.76645       18.91183    
 2052   19.15582       19.34647       19.40155       19.32123       19.12268       18.95721       18.93677       18.99457       18.99371       18.88678       18.84119       18.94730    
 2053   19.20502       19.41095       19.46622       19.40137       19.24750       19.07620       19.06790       19.12643       19.14853       19.07156       19.04160       19.14349    
 2054   19.39838       19.59024       19.67825       19.59695       19.42050       19.26447       19.24857       19.30396       19.30661       19.22067       19.18082       19.31134    
 2055   19.53577       19.70657       19.74249       19.61676       19.37680       19.15857       19.10223       19.09631       19.04327       18.95547       18.89825       18.97421    
 2056   19.21780       19.42242       19.44858       19.35709       19.11688       18.92465       18.90726       18.92401       18.91306       18.81232       18.75797       18.87640    
 2057   19.12073       19.31958       19.39447       19.29718       19.08298       18.91818       18.90878       18.97049       18.95093       18.85687       18.80707       18.92172    
 2058   19.18222       19.36499       19.43832       19.34888       19.14951       18.98532       18.95352       19.00278       19.02948       18.94635       18.91180       19.03278    
 2059   19.28326       19.48187       19.56018       19.49786       19.31384       19.15210       19.13470       19.19318       19.20999       19.12204       19.09436       19.21506    
 2060   19.44827       19.65881       19.72916       19.62036       19.45316       19.28082       19.24237       19.30435       19.30487       19.21548       19.20117       19.26300    
 2061   19.44662       19.65219       19.70316       19.60175       19.36594       19.16962       19.12320       19.12228       19.08502       18.97827       18.90271       18.98944    
 2062   19.24045       19.41302       19.49750       19.42941       19.21988       19.03851       19.01404       19.05157       19.04242       18.94064       18.88297       18.98718    
 2063   19.24643       19.46216       19.54697       19.44873       19.23096       19.05737       19.03363       19.08527       19.07980       18.98843       18.94534       19.07736    
 2064   19.30682       19.47726       19.53973       19.47092       19.26492       19.10580       19.09268       19.16394       19.16071       19.07419       19.03857       19.15857    
 2065   19.37723       19.58362       19.64423       19.57190       19.38925       19.24112       19.23541       19.30991       19.32797       19.27658       19.23453       19.32877    
 2066   19.57407       19.77701       19.82266       19.72485       19.52487       19.32306       19.27545       19.30383       19.30722       19.22156       19.14496       19.23947    
 2067   19.47742       19.66312       19.72403       19.59818       19.39288       19.18280       19.13654       19.16513       19.15509       19.08307       19.01703       19.12320    
 2068   19.38397       19.59015       19.65164       19.55377       19.34842       19.17865       19.15002       19.15933       19.12747       19.03192       18.98209       19.05368    
 2069   19.32492       19.52438       19.57025       19.49384       19.28595       19.11227       19.08102       19.14026       19.10928       19.02179       18.97324       19.07599    
 2070   19.35611       19.57001       19.62366       19.52448       19.31744       19.16476       19.15497       19.22324       19.23651       19.15302       19.11957       19.23367    
 2071   19.49661       19.71277       19.77496       19.66840       19.46823       19.29916       19.27869       19.31168       19.31155       19.21091       19.16776       19.26883    
 2072   19.50867       19.70068       19.79507       19.69009       19.49173       19.33527       19.31253       19.35675       19.32358       19.21487       19.13461       19.22684    
 2073   19.43832       19.62585       19.68854       19.57739       19.38647       19.20038       19.17288       19.21490       19.19965       19.09253       19.03006       19.10443    
 2074   19.35803       19.55728       19.61389       19.52585       19.32401       19.17203       19.16559       19.21881       19.18832       19.09152       19.01587       19.11951    
 2075   19.39178       19.59308       19.65149       19.58368       19.37711       19.22076       19.19724       19.23984       19.22037       19.12589       19.04587       19.16388    
 2076   19.41757       19.61365       19.65350       19.57217       19.37839       19.20618       19.20691       19.27921       19.27545       19.16385       19.11569       19.23999    
 2077   19.48740       19.67050       19.74390       19.67136       19.48752       19.33328       19.32846       19.40671       19.38852       19.30740       19.25116       19.34167    
 2078   19.58365       19.77887       19.83661       19.75320       19.54813       19.38022       19.37897       19.42297       19.40192       19.30063       19.22543       19.32208    
 2079   19.56027       19.75134       19.79926       19.71115       19.49060       19.29669       19.27493       19.30090       19.27771       19.14612       19.07608       19.17023    
 2080   19.40964       19.62262       19.69257       19.61533       19.38733       19.22443       19.22809       19.26474       19.24438       19.13916       19.07822       19.15903    
 2081   19.37503       19.58279       19.63483       19.54968       19.34848       19.19885       19.20758       19.26260       19.24097       19.13330       19.06818       19.15433    
 2082   19.42102       19.62164       19.69614       19.63965       19.46414       19.28690       19.28891       19.33969       19.33234       19.24698       19.19006       19.29425    
 2083   19.53793       19.71738       19.77209       19.68130       19.48764       19.32220       19.30637       19.35443       19.33963       19.24252       19.17578       19.25888    
 2084   19.51486       19.69977       19.76141       19.69656       19.52512       19.37140       19.36749       19.41959       19.43747       19.35626       19.28690       19.38330    
 2085   19.62302       19.80792       19.86801       19.78156       19.56558       19.37540       19.31543       19.33804       19.31808       19.18317       19.10245       19.20734    
 2086   19.45306       19.65860       19.75198       19.65799       19.41537       19.24039       19.23300       19.28061       19.25235       19.15179       19.08466       19.19479    
 2087   19.44812       19.62360       19.69199       19.61743       19.39426       19.23364       19.23001       19.29056       19.29193       19.16797       19.10358       19.21097    
 2088   19.46167       19.66974       19.72076       19.64212       19.45926       19.30905       19.31247       19.38733       19.38562       19.28973       19.26776       19.37936    
 2089   19.62726       19.81723       19.86777       19.78348       19.58902       19.45380       19.45193       19.52090       19.53842       19.44095       19.39386       19.50504    
 2090   19.73447       19.93353       19.98401       19.88080       19.69424       19.52289       19.51193       19.56018       19.52017       19.43118       19.34229       19.44336    
 2091   19.64255       19.83286       19.89108       19.76788       19.54523       19.32974       19.27374       19.28235       19.24954       19.13290       19.06213       19.17560    
 2092   19.40280       19.59134       19.66138       19.56949       19.33447       19.17114       19.16342       19.19666       19.18539       19.09018       19.02768       19.13840    
 2093   19.35992       19.56638       19.64752       19.57321       19.37476       19.24542       19.24677       19.31259       19.31027       19.20618       19.14017       19.25763    
 2094   19.48688       19.69446       19.74854       19.65546       19.46585       19.30960       19.31595       19.39087       19.40274       19.32407       19.26013       19.36752    
 2095   19.60916       19.79053       19.85736       19.77191       19.57425       19.40472       19.38196       19.43994       19.42862       19.34631       19.28638       19.38739    
 2096   19.60760       19.80435       19.84988       19.76730       19.55579       19.37833       19.34341       19.37988       19.36252       19.25754       19.18408       19.28360    
 2097   19.52328       19.70343       19.77567       19.67468       19.48361       19.31042       19.29663       19.34708       19.31934       19.23892       19.17896       19.30276    
 2098   19.53790       19.73044       19.80548       19.71915       19.51266       19.36057       19.36566       19.41730       19.41681       19.32031       19.27966       19.38565    
 2099   19.61105       19.79108       19.83829       19.75397       19.58279       19.43906       19.43539       19.49255       19.46481       19.36380       19.29037       19.38644    
 2100   19.62213       19.82135       19.88071       19.77097       19.54401       19.37036       19.36633       19.40536       19.36172       19.24884       19.18811       19.27945    
